1.020000000000000000e+02 3.068420000000000147e+00 4.404809220977252130e-05 5.158827419854136942e-05 1.639233771589390041e-05 5.200000000000000000e+01 5.200000000000000000e+01
1.030000000000000000e+02 5.350810000000000066e+00 6.232445680986462889e-05 5.092495331467018110e-05 1.592296077598420693e-05 5.200000000000000000e+01 5.200000000000000000e+01
1.040000000000000000e+02 5.965300000000000047e+00 -5.708797032352534977e-05 1.774383364457691981e-04 2.048553280181454042e-05 5.300000000000000000e+01 5.300000000000000000e+01
1.040000000000000000e+02 5.965300000000000047e+00 -5.878212771613698998e-05 1.233927598818793439e-04 3.587249933743631985e-05 5.300000000000000000e+01 5.300000000000000000e+01
1.040000000000000000e+02 5.965300000000000047e+00 -5.878212771613698998e-05 1.233927598818793439e-04 3.587249933743631985e-05 5.300000000000000000e+01 5.300000000000000000e+01
1.040000000000000000e+02 5.965300000000000047e+00 -5.878212771613698998e-05 1.233927598818793439e-04 3.587249933743631985e-05 5.300000000000000000e+01 5.300000000000000000e+01
1.050000000000000000e+02 8.159900000000000375e+00 3.080286168912816787e-07 8.119650638025757673e-05 5.555475380859686575e-05 5.500000000000000000e+01 5.500000000000000000e+01
1.060000000000000000e+02 4.560749999999999638e+00 2.387221780617718522e-05 6.572906940541143825e-05 9.166968307602423028e-05 5.500000000000000000e+01 5.500000000000000000e+01
1.070000000000000000e+02 1.114460000000000051e+01 9.908253842274839031e-06 1.084831154685908500e-04 6.769030716644041951e-05 5.600000000000000000e+01 5.600000000000000000e+01
1.080000000000000000e+02 8.423260000000000858e+00 6.016825649185712218e-05 1.582623327107920736e-04 9.074009671424627336e-05 5.600000000000000000e+01 5.600000000000000000e+01
1.090000000000000000e+02 2.290759999999999863e+01 -2.592574191853475946e-05 2.725193549641536490e-04 9.609413115841859026e-05 5.700000000000000000e+01 5.700000000000000000e+01
1.100000000000000000e+02 2.343430000000000035e+01 6.006558028801176291e-06 2.332477435420043726e-04 3.669513131820815229e-05 5.700000000000000000e+01 5.700000000000000000e+01
1.110000000000000000e+02 3.739200000000000301e+01 -6.463467143614282822e-05 3.393790849673241966e-04 4.196421342564069271e-05 5.800000000000000000e+01 5.800000000000000000e+01
1.120000000000000000e+02 3.502190000000000225e+01 -7.936870694256579638e-05 3.749572051041635064e-04 4.801701649122724555e-05 5.800000000000000000e+01 5.800000000000000000e+01
1.130000000000000000e+02 4.748720000000000141e+01 -1.258810280870621863e-04 4.112287970744381640e-04 2.738847040316856200e-05 5.900000000000000000e+01 5.900000000000000000e+01
1.140000000000000000e+02 4.766279999999999717e+01 -6.976848171677372959e-05 4.596512215996789220e-04 2.419919262744065359e-05 5.900000000000000000e+01 5.900000000000000000e+01
1.150000000000000000e+02 6.293719999999999715e+01 -8.116554054065231783e-05 5.049982492997305908e-04 8.958295217425678281e-06 6.000000000000000000e+01 6.000000000000000000e+01
1.160000000000000000e+02 6.302499999999999858e+01 -1.225440514039341532e-04 5.014404372861725736e-04 8.731755652742813638e-06 6.000000000000000000e+01 6.000000000000000000e+01
1.170000000000000000e+02 7.347129999999999939e+01 -1.818908982511749741e-04 7.178488756613010538e-04 -2.260934122164615318e-05 6.100000000000000000e+01 6.100000000000000000e+01
1.180000000000000000e+02 7.338349999999999795e+01 -1.505746555380303242e-04 9.096390639589715379e-04 -2.126354952641400014e-05 6.100000000000000000e+01 6.100000000000000000e+01
1.190000000000000000e+02 8.084520000000000550e+01 -1.149460121885211684e-04 8.556387138189475638e-04 3.965644347077068631e-05 6.200000000000000000e+01 6.200000000000000000e+01
1.200000000000000000e+02 8.198640000000000327e+01 -1.284992713300568831e-04 9.075586484593851878e-04 5.605285563917096394e-05 6.200000000000000000e+01 6.200000000000000000e+01
1.210000000000000000e+02 9.129149999999999920e+01 -2.197270800210212140e-04 1.080444191565476655e-03 2.269478249259276100e-04 6.300000000000000000e+01 6.300000000000000000e+01
1.220000000000000000e+02 9.155480000000000018e+01 -1.823016030736004998e-04 1.032262974634359917e-03 -1.068382589512008101e-05 6.300000000000000000e+01 6.300000000000000000e+01
1.230000000000000000e+02 1.044590000000000032e+02 -2.924218335983820105e-04 1.137866674447641146e-03 4.487072419073561379e-05 6.400000000000000000e+01 6.400000000000000000e+01
1.240000000000000000e+02 1.076189999999999998e+02 -2.993011393749455849e-04 1.170459850606854046e-03 7.313642423862292243e-06 6.400000000000000000e+01 6.400000000000000000e+01
1.250000000000000000e+02 1.170120000000000005e+02 -3.673241255964285299e-04 1.202902272019831624e-03 1.068885784419083558e-04 6.500000000000000000e+01 6.500000000000000000e+01
1.260000000000000000e+02 1.165729999999999933e+02 -2.500165606781914150e-04 1.082690437285940398e-03 1.078556497673051768e-04 6.500000000000000000e+01 6.500000000000000000e+01
1.270000000000000000e+02 1.291260000000000048e+02 -2.499652225758043547e-04 1.013584461562339230e-03 5.430980481533275676e-05 6.600000000000000000e+01 6.600000000000000000e+01
1.280000000000000000e+02 1.275460000000000065e+02 -2.337937201910986413e-04 1.033453937130358706e-03 1.059288411309990596e-04 6.600000000000000000e+01 6.600000000000000000e+01
1.290000000000000000e+02 1.417669999999999959e+02 -2.766610360359259653e-04 1.627774373638408859e-03 -4.438912389265349924e-06 6.700000000000000000e+01 6.700000000000000000e+01
1.300000000000000000e+02 1.401870000000000118e+02 -2.714758876523823959e-04 1.308114009492626064e-03 1.582843347531330005e-05 6.700000000000000000e+01 6.700000000000000000e+01
1.310000000000000000e+02 1.152570000000000050e+02 -2.210105325913830506e-04 9.311065398381698386e-04 6.868365871116709339e-05 6.800000000000000000e+01 6.800000000000000000e+01
1.320000000000000000e+02 1.156949999999999932e+02 -2.185976417591631803e-04 9.401518246186924129e-04 7.449973608061999223e-05 6.800000000000000000e+01 6.800000000000000000e+01
1.330000000000000000e+02 1.205240000000000009e+02 -4.313427397983208341e-04 1.063016942888458244e-03 1.895912062272695224e-04 6.900000000000000000e+01 6.900000000000000000e+01
1.340000000000000000e+02 1.273709999999999951e+02 -4.858124668783851989e-04 1.115992160753266063e-03 2.609615589854179956e-04 6.900000000000000000e+01 6.900000000000000000e+01
1.350000000000000000e+02 1.359739999999999895e+02 -6.118988473767462879e-04 1.185731306411411199e-03 2.420752488307994056e-04 7.000000000000000000e+01 7.000000000000000000e+01
1.360000000000000000e+02 1.367640000000000100e+02 -6.471167859035980479e-04 1.211103330220880204e-03 2.498590830852639370e-04 7.000000000000000000e+01 7.000000000000000000e+01
1.370000000000000000e+02 1.496680000000000064e+02 -6.653418124007191370e-04 1.239234165888480768e-03 2.072588476080582174e-04 7.100000000000000000e+01 7.100000000000000000e+01
1.380000000000000000e+02 1.462439999999999998e+02 -5.093766560680210598e-04 1.214495312013645070e-03 1.696622436512018649e-04 7.100000000000000000e+01 7.100000000000000000e+01
1.390000000000000000e+02 1.622210000000000036e+02 -4.153765898248568860e-04 1.764071739807016948e-03 9.841819892358758199e-05 7.200000000000000000e+01 7.200000000000000000e+01
1.400000000000000000e+02 1.567779999999999916e+02 -4.766742845789811046e-04 1.551296490818547666e-03 9.162853110463811701e-05 7.200000000000000000e+01 7.200000000000000000e+01
1.410000000000000000e+02 1.671370000000000005e+02 -5.858190911499415541e-04 2.122596677559793893e-03 2.522043380038670960e-04 7.300000000000000000e+01 7.300000000000000000e+01
1.420000000000000000e+02 1.696829999999999927e+02 -5.463400900899873132e-04 2.110822731870362970e-03 2.669259464296510091e-04 7.300000000000000000e+01 7.300000000000000000e+01
1.430000000000000000e+02 1.830260000000000105e+02 -6.864417726546387117e-04 1.610060690943099790e-03 1.366883098959532894e-04 7.400000000000000000e+01 7.400000000000000000e+01
1.440000000000000000e+02 1.830260000000000105e+02 -6.315100026499383774e-04 1.580150949268676903e-03 1.688744482402281205e-04 7.400000000000000000e+01 7.400000000000000000e+01
1.450000000000000000e+02 1.902239999999999895e+02 -6.574357445677730472e-04 1.653478057889828023e-03 1.711869038156464673e-04 7.500000000000000000e+01 7.500000000000000000e+01
1.460000000000000000e+02 1.924190000000000111e+02 -6.205749867514555405e-04 1.585728874883244200e-03 1.334696960615719256e-04 7.500000000000000000e+01 7.500000000000000000e+01
1.470000000000000000e+02 2.026899999999999977e+02 -5.643597641762763571e-04 1.861037192654863481e-03 9.865696184637332629e-05 7.600000000000000000e+01 7.600000000000000000e+01
1.480000000000000000e+02 2.040939999999999941e+02 -7.103653285637294120e-04 1.938992471988960778e-03 1.138554849490664182e-04 7.600000000000000000e+01 7.600000000000000000e+01
1.490000000000000000e+02 2.059379999999999882e+02 -7.358290275568095005e-04 2.267939328509058564e-03 8.989851852911183178e-05 7.700000000000000000e+01 7.700000000000000000e+01
1.500000000000000000e+02 2.080440000000000111e+02 -6.142604001061131077e-04 2.215099789916046957e-03 1.140848766309756018e-04 7.700000000000000000e+01 7.700000000000000000e+01
1.510000000000000000e+02 1.833770000000000095e+02 -6.953232644409401437e-04 1.559829209461492628e-03 2.086441614935775608e-04 7.800000000000000000e+01 7.800000000000000000e+01
1.520000000000000000e+02 1.839039999999999964e+02 -7.068743375729720935e-04 1.575025287892924640e-03 1.960253780567349055e-04 7.800000000000000000e+01 7.800000000000000000e+01
1.530000000000000000e+02 1.708240000000000123e+02 -8.141709724429335975e-04 1.488537289915992969e-03 2.711256884510774949e-04 7.900000000000000000e+01 7.900000000000000000e+01
1.540000000000000000e+02 1.719650000000000034e+02 -7.963053126660256387e-04 1.576261476812755753e-03 2.542073389039728654e-04 7.900000000000000000e+01 7.900000000000000000e+01
1.550000000000000000e+02 1.767050000000000125e+02 -9.809684684682319026e-04 1.852263266417659027e-03 3.126559726741662075e-04 8.000000000000000000e+01 8.000000000000000000e+01
1.560000000000000000e+02 1.776709999999999923e+02 -9.443130630630398262e-04 1.675955590569590216e-03 2.602108410932945986e-04 8.000000000000000000e+01 8.000000000000000000e+01
1.570000000000000000e+02 1.927700000000000102e+02 -8.326013513512382303e-04 1.681081251945334021e-03 2.162373113659948735e-04 8.100000000000000000e+01 8.100000000000000000e+01
1.580000000000000000e+02 1.944379999999999882e+02 -7.696094992053207273e-04 1.723669467787016310e-03 2.124800548973486826e-04 8.100000000000000000e+01 8.100000000000000000e+01
1.590000000000000000e+02 2.012849999999999966e+02 -7.478934817168585852e-04 2.149883286648032136e-03 1.500095289617614839e-04 8.200000000000000000e+01 8.200000000000000000e+01
1.600000000000000000e+02 2.048839999999999861e+02 -7.339808558556355647e-04 2.303668203392399312e-03 8.532413059054397850e-05 8.200000000000000000e+01 8.200000000000000000e+01
1.610000000000000000e+02 2.156819999999999879e+02 -7.540540540537553826e-04 2.261336270619401529e-03 2.670893319791891240e-04 8.300000000000000000e+01 8.300000000000000000e+01
1.620000000000000000e+02 2.178760000000000048e+02 -8.485675013248185133e-04 2.309050147836932357e-03 1.238545990844678083e-04 8.300000000000000000e+01 8.300000000000000000e+01
1.630000000000000000e+02 2.291999999999999886e+02 -1.028148184949715044e-03 2.641162854030440835e-03 3.987371365590123358e-04 8.400000000000000000e+01 8.400000000000000000e+01
1.640000000000000000e+02 2.266550000000000011e+02 -1.151667660307353815e-03 2.615986811391194083e-03 2.961994623300081273e-04 8.400000000000000000e+01 8.400000000000000000e+01
1.650000000000000000e+02 2.405250000000000057e+02 -1.239917859035928214e-03 2.450307345160394282e-03 3.048876213399847766e-04 8.500000000000000000e+01 8.500000000000000000e+01
1.660000000000000000e+02 2.357839999999999918e+02 -9.233671171169819357e-04 2.525699793806293874e-03 3.057338851455609408e-04 8.500000000000000000e+01 8.500000000000000000e+01
1.670000000000000000e+02 2.475469999999999970e+02 -1.186577570217021678e-03 2.228652641612237969e-03 3.277422446080834701e-04 8.600000000000000000e+01 8.600000000000000000e+01
1.680000000000000000e+02 2.480740000000000123e+02 -1.143812930577435983e-03 2.344191079209426588e-03 3.580677841707180509e-04 8.600000000000000000e+01 8.600000000000000000e+01
1.690000000000000000e+02 2.590470000000000255e+02 -1.138833134605309223e-03 2.583680069249885431e-03 3.144301930607636478e-04 8.700000000000000000e+01 8.700000000000000000e+01
1.700000000000000000e+02 2.589590000000000032e+02 -1.209474364070019237e-03 2.579654917522434133e-03 3.492724670573516964e-04 8.700000000000000000e+01 8.700000000000000000e+01
1.710000000000000000e+02 2.689669999999999845e+02 -1.103358505564419785e-03 3.052843915343794647e-03 3.154041909556994181e-04 8.800000000000000000e+01 8.800000000000000000e+01
1.720000000000000000e+02 2.688790000000000191e+02 -9.985260996291825224e-04 2.916124435885600157e-03 2.491580735148432764e-04 8.800000000000000000e+01 8.800000000000000000e+01
1.730000000000000000e+02 2.729169999999999732e+02 -9.796850158982192604e-04 2.736228797074456189e-03 1.571616193399983492e-04 8.900000000000000000e+01 8.900000000000000000e+01
1.740000000000000000e+02 2.735310000000000059e+02 -1.097249271330319118e-03 2.639625155617803844e-03 2.343248250875957952e-04 8.900000000000000000e+01 8.900000000000000000e+01
1.750000000000000000e+02 2.767789999999999964e+02 -1.211065845256922933e-03 3.186337243230527323e-03 2.564651968145531449e-04 9.000000000000000000e+01 9.000000000000000000e+01
1.760000000000000000e+02 2.784470000000000027e+02 -1.104898648648760346e-03 3.776903886554513687e-03 3.378711300585277000e-04 9.000000000000000000e+01 9.000000000000000000e+01
1.770000000000000000e+02 2.343799999999999955e+02 -1.122712970322990896e-03 2.461478271864211281e-03 1.752016656888327707e-04 9.100000000000000000e+01 9.100000000000000000e+01
1.780000000000000000e+02 2.351699999999999875e+02 -1.026094660838058935e-03 2.485749786025602450e-03 1.560965574291823935e-04 9.100000000000000000e+01 9.100000000000000000e+01
1.790000000000000000e+02 2.286740000000000066e+02 -1.113626126126265620e-03 2.666188141923221330e-03 1.390794024066282705e-04 9.200000000000000000e+01 9.200000000000000000e+01
1.800000000000000000e+02 2.296390000000000100e+02 -1.201927662957110420e-03 2.575554388422136767e-03 1.743238248754082581e-04 9.200000000000000000e+01 9.200000000000000000e+01
1.810000000000000000e+02 2.381539999999999964e+02 -9.991421568625567535e-04 2.545735099595328437e-03 1.145397892639567444e-04 9.300000000000000000e+01 9.300000000000000000e+01
1.820000000000000000e+02 2.394710000000000036e+02 -9.882584790671616968e-04 2.648595063025367159e-03 7.917476299819267401e-05 9.300000000000000000e+01 9.300000000000000000e+01
1.830000000000000000e+02 2.532529999999999859e+02 -1.097351947535676973e-03 2.580604672424327388e-03 2.493595551958728324e-04 9.400000000000000000e+01 9.400000000000000000e+01
1.840000000000000000e+02 2.512340000000000089e+02 -9.627947800744900272e-04 2.682394277155376611e-03 2.238748727719597296e-04 9.400000000000000000e+01 9.400000000000000000e+01
1.850000000000000000e+02 2.661580000000000155e+02 -1.123688394276636804e-03 2.787997976968581079e-03 2.486516190559574986e-04 9.500000000000000000e+01 9.500000000000000000e+01
1.860000000000000000e+02 2.655430000000000064e+02 -1.221487480127155965e-03 2.852716989573479949e-03 2.812531478431518637e-04 9.500000000000000000e+01 9.500000000000000000e+01
1.870000000000000000e+02 2.760769999999999982e+02 -1.320672694753456103e-03 3.288111772486767507e-03 8.788166449013478558e-05 9.600000000000000000e+01 9.600000000000000000e+01
1.880000000000000000e+02 2.795880000000000223e+02 -1.228058757286654363e-03 3.531836970899446346e-03 1.045494352021073209e-04 9.600000000000000000e+01 9.600000000000000000e+01
1.890000000000000000e+02 2.838899999999999864e+02 -1.061055908849588020e-03 3.837914332399604365e-03 -7.652759114159737733e-05 9.700000000000000000e+01 9.700000000000000000e+01
1.900000000000000000e+02 2.834510000000000218e+02 -1.042420177530394313e-03 3.858341600529177108e-03 -8.697509878580119433e-05 9.700000000000000000e+01 9.700000000000000000e+01
1.910000000000000000e+02 2.858210000000000264e+02 -9.732164149444323849e-04 3.277302657174152936e-03 -8.649023892601703963e-05 9.800000000000000000e+01 9.800000000000000000e+01
1.920000000000000000e+02 2.859089999999999918e+02 -9.199274642290218313e-04 3.895110683162248365e-03 -2.124666092036805792e-04 9.800000000000000000e+01 9.800000000000000000e+01
1.930000000000000000e+02 2.894200000000000159e+02 -8.974413751985649409e-04 4.011221988795552092e-03 -1.781703118558630836e-04 9.900000000000000000e+01 9.900000000000000000e+01
1.940000000000000000e+02 2.887180000000000177e+02 -9.276795177532309606e-04 4.019980839557893947e-03 -1.320860119574743534e-04 9.900000000000000000e+01 9.900000000000000000e+01
1.950000000000000000e+02 2.929320000000000164e+02 -1.104333929517832373e-03 3.548766728913755816e-03 -6.607478670899282272e-05 1.000000000000000000e+02 1.000000000000000000e+02
1.960000000000000000e+02 2.881909999999999741e+02 -1.107773582406028617e-03 3.629616499377529785e-03 -5.808213675863852952e-05 1.000000000000000000e+02 1.000000000000000000e+02
1.970000000000000000e+02 2.831000000000000227e+02 -1.567814321674498943e-03 4.828855431061335017e-03 -1.622204596928790063e-04 1.010000000000000000e+02 1.010000000000000000e+02
1.980000000000000000e+02 2.827490000000000236e+02 -1.599592607313038992e-03 5.060354419545555829e-03 -1.693945521149452997e-04 1.010000000000000000e+02 1.010000000000000000e+02
1.990000000000000000e+02 2.245480000000000018e+02 -1.651957472178125497e-03 6.166215861344665795e-03 -1.944475462858641368e-04 1.020000000000000000e+02 1.020000000000000000e+02
2.000000000000000000e+02 2.242839999999999918e+02 -1.651546767355407778e-03 6.266467767662597076e-03 -2.446949181325611339e-04 1.020000000000000000e+02 1.020000000000000000e+02
2.010000000000000000e+02 2.108540000000000134e+02 -1.614429319025053461e-03 4.926167619825774432e-03 -1.366194516470236957e-04 1.030000000000000000e+02 1.030000000000000000e+02
2.020000000000000000e+02 2.108540000000000134e+02 -1.567095588235301084e-03 5.005947031590437905e-03 -1.375427226069531072e-04 1.030000000000000000e+02 1.030000000000000000e+02
2.030000000000000000e+02 1.995289999999999964e+02 -1.571716017488148428e-03 4.970293534080438488e-03 -1.743191392546981954e-04 1.040000000000000000e+02 1.040000000000000000e+02
2.040000000000000000e+02 1.965449999999999875e+02 -1.581983638049817755e-03 4.896016670557240373e-03 -1.395750595659077799e-04 1.040000000000000000e+02 1.040000000000000000e+02
2.050000000000000000e+02 1.840790000000000077e+02 -1.542915341812288064e-03 5.526985585900970853e-03 -2.350079070666476449e-04 1.050000000000000000e+02 1.050000000000000000e+02
2.060000000000000000e+02 1.856589999999999918e+02 -1.631576245363054343e-03 5.491497918612026422e-03 -2.923051005312059464e-04 1.050000000000000000e+02 1.050000000000000000e+02
2.070000000000000000e+02 1.694190000000000111e+02 -1.504309088500389857e-03 5.987842845471547104e-03 -2.616405665117722216e-04 1.060000000000000000e+02 1.060000000000000000e+02
2.080000000000000000e+02 1.668739999999999952e+02 -1.501382816640153177e-03 5.982641806722759255e-03 -3.061855382166838368e-04 1.060000000000000000e+02 1.060000000000000000e+02
2.090000000000000000e+02 1.432599999999999909e+02 -1.439828431372517118e-03 4.146388694366451473e-03 -1.500319384510787968e-04 1.070000000000000000e+02 1.070000000000000000e+02
2.100000000000000000e+02 1.446639999999999873e+02 -1.433154478007428847e-03 4.204715705726734358e-03 -1.482677004734236177e-04 1.070000000000000000e+02 1.070000000000000000e+02
2.110000000000000000e+02 1.212259999999999991e+02 -1.481514970853158248e-03 4.808307559134783991e-03 -2.611878948275344627e-04 1.080000000000000000e+02 1.080000000000000000e+02
2.120000000000000000e+02 1.199090000000000060e+02 -1.584345190779009585e-03 4.752543378462570009e-03 -2.876406671902545184e-04 1.080000000000000000e+02 1.080000000000000000e+02
2.130000000000000000e+02 9.726080000000000325e+01 -1.558316772654590827e-03 5.209948354341779712e-03 -2.703924907049885199e-04 1.090000000000000000e+02 1.090000000000000000e+02
2.140000000000000000e+02 9.576850000000000307e+01 -1.555287824589171282e-03 5.137314717553695745e-03 -2.937217877016517781e-04 1.090000000000000000e+02 1.090000000000000000e+02
2.150000000000000000e+02 7.601709999999999923e+01 -1.823016030736409731e-03 4.919308278867056024e-03 -1.139225096943954929e-04 1.100000000000000000e+02 1.100000000000000000e+02
2.160000000000000000e+02 7.540260000000000673e+01 -1.984628378378514718e-03 4.745382528011284247e-03 -1.061904209881951353e-04 1.100000000000000000e+02 1.100000000000000000e+02
2.170000000000000000e+02 5.600229999999999819e+01 -1.854794316375183317e-03 3.671239884842814223e-03 1.325765760494600036e-05 1.110000000000000000e+02 1.110000000000000000e+02
2.180000000000000000e+02 5.284199999999999875e+01 -1.902282061472973127e-03 3.858009940087211986e-03 -2.223469530454846551e-05 1.110000000000000000e+02 1.110000000000000000e+02
2.190000000000000000e+02 3.361730000000000018e+01 -2.032578166401876382e-03 3.580003112355875042e-03 1.739832006368726260e-05 1.120000000000000000e+02 1.120000000000000000e+02
2.200000000000000000e+02 3.300280000000000058e+01 -2.084532326443894103e-03 3.695164663087447277e-03 1.090959131398881103e-04 1.120000000000000000e+02 1.120000000000000000e+02
2.210000000000000000e+02 1.044229999999999947e+01 -1.676856452040217330e-03 3.781170245875933259e-03 -1.440814041456551793e-04 1.130000000000000000e+02 1.130000000000000000e+02
2.220000000000000000e+02 1.096899999999999942e+01 -1.485519342872338193e-03 3.811592553688254899e-03 -1.439504104943884562e-04 1.130000000000000000e+02 1.130000000000000000e+02
2.230000000000000000e+02 3.946260000000000101e+00 -1.423656928987636306e-03 3.663099128540347593e-03 -1.135226021714358044e-04 1.140000000000000000e+02 1.140000000000000000e+02
2.240000000000000000e+02 4.034049999999999692e+00 -1.289869833068327124e-03 3.792868814192298672e-03 1.231872037477844029e-04 1.140000000000000000e+02 1.140000000000000000e+02
2.250000000000000000e+02 1.149569999999999936e+01 -1.187090951245213695e-03 4.259198471055061774e-03 -2.184316078158963245e-04 1.150000000000000000e+02 1.150000000000000000e+02
2.260000000000000000e+02 8.072119999999999962e+00 -1.215070217276106998e-03 4.186399004046100630e-03 -2.555810405995158872e-04 1.150000000000000000e+02 1.150000000000000000e+02
2.270000000000000000e+02 2.685790000000000077e+01 -1.156698794382334710e-03 3.790245681605828882e-03 -2.911275837286215031e-04 1.160000000000000000e+02 1.160000000000000000e+02
2.280000000000000000e+02 2.492670000000000030e+01 -1.118657260201715324e-03 3.816853894335308327e-03 -2.922755607499235350e-04 1.160000000000000000e+02 1.160000000000000000e+02
2.290000000000000000e+02 4.283460000000000178e+01 -1.213735426602890024e-03 4.350676451136166988e-03 -2.702062882211038247e-04 1.170000000000000000e+02 1.170000000000000000e+02
2.300000000000000000e+02 4.336129999999999995e+01 -1.285198065712917295e-03 4.543235488639787989e-03 -2.713377637090924610e-04 1.170000000000000000e+02 1.170000000000000000e+02
2.310000000000000000e+02 6.363949999999999818e+01 -1.238839758876632583e-03 4.381415343915352409e-03 -1.739043599799258667e-04 1.180000000000000000e+02 1.180000000000000000e+02
2.320000000000000000e+02 6.320060000000000144e+01 -1.196126457339726900e-03 4.359118716931063495e-03 -1.321041432713634901e-04 1.180000000000000000e+02 1.180000000000000000e+02
2.330000000000000000e+02 8.023069999999999879e+01 -1.265381558028485717e-03 4.978449365857335988e-03 -3.278447170908860070e-04 1.190000000000000000e+02 1.190000000000000000e+02
2.340000000000000000e+02 8.260089999999999577e+01 -1.292231385797343096e-03 5.026208469498845074e-03 -3.029394218272049555e-04 1.190000000000000000e+02 1.190000000000000000e+02
2.350000000000000000e+02 1.012109999999999985e+02 -1.263790076841580937e-03 4.998183162153719064e-03 -3.104417114068355721e-04 1.200000000000000000e+02 1.200000000000000000e+02
2.360000000000000000e+02 1.001580000000000013e+02 -1.294284909910460276e-03 5.061982570806190102e-03 -3.062511369037035488e-04 1.200000000000000000e+02 1.200000000000000000e+02
2.370000000000000000e+02 1.156949999999999932e+02 -1.306144011658741432e-03 4.302329403983751535e-03 -2.116107704340951983e-04 1.210000000000000000e+02 1.210000000000000000e+02
2.380000000000000000e+02 1.167489999999999952e+02 -1.278832140964370097e-03 4.109604536258870851e-03 -1.564683512294080727e-04 1.210000000000000000e+02 1.210000000000000000e+02
2.390000000000000000e+02 1.343940000000000055e+02 -1.313639374668914292e-03 4.150564600840465738e-03 -1.724772829551737049e-04 1.220000000000000000e+02 1.220000000000000000e+02
2.400000000000000000e+02 1.321990000000000123e+02 -1.329759538950706131e-03 4.154273167600325972e-03 -1.626802616693451622e-04 1.220000000000000000e+02 1.220000000000000000e+02
2.410000000000000000e+02 1.504579999999999984e+02 -1.361435148383305458e-03 4.224147992530479824e-03 -1.595353954269547534e-04 1.230000000000000000e+02 1.230000000000000000e+02
2.420000000000000000e+02 1.541450000000000102e+02 -1.349268018018247956e-03 4.236796315748489125e-03 -1.420557900336476406e-04 1.230000000000000000e+02 1.230000000000000000e+02
2.430000000000000000e+02 1.693319999999999936e+02 -1.414775437202035703e-03 5.484171237939495722e-03 -1.854197816514246110e-04 1.240000000000000000e+02 1.240000000000000000e+02
2.440000000000000000e+02 1.681899999999999977e+02 -1.391262586115897450e-03 5.629951077653344051e-03 -2.256260725010159713e-04 1.240000000000000000e+02 1.240000000000000000e+02
2.450000000000000000e+02 1.857470000000000141e+02 -1.438031597774488317e-03 5.969134181450458897e-03 -3.089606478853674761e-04 1.250000000000000000e+02 1.250000000000000000e+02
2.460000000000000000e+02 1.871519999999999868e+02 -1.510315646528432709e-03 5.466517857142940556e-03 -2.428159843141831518e-04 1.250000000000000000e+02 1.250000000000000000e+02
2.470000000000000000e+02 2.051479999999999961e+02 -1.551848171700976123e-03 5.082470140834150288e-03 -2.042624951632136311e-04 1.260000000000000000e+02 1.260000000000000000e+02
2.480000000000000000e+02 2.053230000000000075e+02 -1.541683227345014414e-03 4.967896533613236354e-03 -1.723469004720647852e-04 1.260000000000000000e+02 1.260000000000000000e+02
2.490000000000000000e+02 2.229679999999999893e+02 -1.625415673026275182e-03 5.860771669778921424e-03 -1.707478815474839469e-04 1.270000000000000000e+02 1.270000000000000000e+02
2.500000000000000000e+02 2.219139999999999873e+02 -1.649955286168563713e-03 5.878274295829436641e-03 -1.614699455232895147e-04 1.270000000000000000e+02 1.270000000000000000e+02
2.510000000000000000e+02 2.365740000000000123e+02 -1.550154014308599212e-03 6.559233485060807743e-03 -2.924839690005837231e-04 1.280000000000000000e+02 1.280000000000000000e+02
2.520000000000000000e+02 2.328000000000000114e+02 -1.584139838368175696e-03 6.481248054777629698e-03 -2.704737760344080367e-04 1.280000000000000000e+02 1.280000000000000000e+02
2.530000000000000000e+02 2.481620000000000061e+02 -1.956289745628168528e-03 6.558675692499255777e-03 -2.652937207164340113e-04 1.290000000000000000e+02 1.290000000000000000e+02
2.540000000000000000e+02 2.492150000000000034e+02 -1.915629968203384943e-03 6.584138169156542736e-03 -3.325095578772384211e-04 1.290000000000000000e+02 1.290000000000000000e+02
2.550000000000000000e+02 2.594859999999999900e+02 -1.803148184949764348e-03 6.542771066759907675e-03 -3.533192133834304961e-04 1.300000000000000000e+02 1.300000000000000000e+02
2.560000000000000000e+02 2.563260000000000218e+02 -1.837544713831590392e-03 6.464167542016851370e-03 -3.307149652278854306e-04 1.300000000000000000e+02 1.300000000000000000e+02
2.570000000000000000e+02 2.698439999999999941e+02 -1.793496621621642941e-03 5.972857823685200594e-03 -2.922101657853186287e-04 1.310000000000000000e+02 1.310000000000000000e+02
2.580000000000000000e+02 2.668600000000000136e+02 -1.775476947535821514e-03 6.172653089013395780e-03 -2.745317271053252265e-04 1.310000000000000000e+02 1.310000000000000000e+02
2.590000000000000000e+02 2.715120000000000005e+02 -1.779429981451682635e-03 6.129687986305668197e-03 -2.446743421468484058e-04 1.320000000000000000e+02 1.320000000000000000e+02
2.600000000000000000e+02 2.697570000000000050e+02 -1.886469925807664682e-03 6.115260757080633394e-03 -2.537630198473756447e-04 1.320000000000000000e+02 1.320000000000000000e+02
2.610000000000000000e+02 2.719510000000000218e+02 -1.881644144144334081e-03 6.689304680205676590e-03 -2.686632930199230897e-04 1.330000000000000000e+02 1.330000000000000000e+02
2.620000000000000000e+02 2.703709999999999809e+02 -1.920507087970330139e-03 6.720360157952008119e-03 -2.880403709907773647e-04 1.330000000000000000e+02 1.330000000000000000e+02
2.630000000000000000e+02 2.701080000000000041e+02 -2.002442700052627523e-03 6.893667814347927657e-03 -3.016730819580505044e-04 1.340000000000000000e+02 1.340000000000000000e+02
2.640000000000000000e+02 2.708980000000000246e+02 -1.950385863805136370e-03 6.785848019763620134e-03 -3.063358855178905955e-04 1.340000000000000000e+02 1.340000000000000000e+02
2.650000000000000000e+02 2.698439999999999941e+02 -2.083710916798930512e-03 7.164649470899441333e-03 -3.213598183267864987e-04 1.350000000000000000e+02 1.350000000000000000e+02
2.660000000000000000e+02 2.728290000000000077e+02 -2.083813593005046441e-03 7.411043028322491025e-03 -2.927840524348972791e-04 1.350000000000000000e+02 1.350000000000000000e+02
2.670000000000000000e+02 2.709859999999999900e+02 -2.152093269740333256e-03 7.660677812791814173e-03 -2.988900271068932880e-04 1.360000000000000000e+02 1.360000000000000000e+02
2.670000000000000000e+02 2.709859999999999900e+02 -2.149475026497103640e-03 7.658190359477180277e-03 -2.999650714264202444e-04 1.360000000000000000e+02 1.360000000000000000e+02
2.670000000000000000e+02 2.709859999999999900e+02 -2.152093269740333256e-03 7.660677812791814173e-03 -2.988900271068932880e-04 1.360000000000000000e+02 1.360000000000000000e+02
2.670000000000000000e+02 2.709859999999999900e+02 -2.149475026497103640e-03 7.658190359477180277e-03 -2.999650714264202444e-04 1.360000000000000000e+02 1.360000000000000000e+02
2.680000000000000000e+02 2.611539999999999964e+02 -2.464999006359379873e-03 8.474572537348434506e-03 -3.800239906398364962e-04 1.380000000000000000e+02 1.380000000000000000e+02
2.690000000000000000e+02 2.653670000000000186e+02 -2.481683889771982374e-03 8.535341775599308844e-03 -3.801109802030114412e-04 1.380000000000000000e+02 1.380000000000000000e+02
2.700000000000000000e+02 2.098000000000000114e+02 -2.302205882352910231e-03 8.077107648615062738e-03 -3.034191886213529962e-04 1.390000000000000000e+02 1.390000000000000000e+02
2.710000000000000000e+02 2.099759999999999991e+02 -2.335216282458724580e-03 8.169248949579750382e-03 -2.661788955448036228e-04 1.390000000000000000e+02 1.390000000000000000e+02
2.720000000000000000e+02 2.291999999999999886e+02 -2.862150569687697561e-03 8.210616051976508609e-03 -4.471978609386431116e-04 1.400000000000000000e+02 1.400000000000000000e+02
2.730000000000000000e+02 2.247230000000000132e+02 -2.747717938527017602e-03 8.174736422346784437e-03 -3.802927007891000462e-04 1.400000000000000000e+02 1.400000000000000000e+02
2.740000000000000000e+02 2.395589999999999975e+02 -2.747358571807213649e-03 8.304491032524119465e-03 -3.521302881136904352e-04 1.410000000000000000e+02 1.410000000000000000e+02
2.750000000000000000e+02 2.399099999999999966e+02 -2.780060943296077097e-03 8.362818043884188979e-03 -4.142121112709721024e-04 1.410000000000000000e+02 1.410000000000000000e+02
2.760000000000000000e+02 2.498300000000000125e+02 -2.629845654477968361e-03 8.381451330532165706e-03 -3.676761583011194947e-04 1.420000000000000000e+02 1.420000000000000000e+02
2.770000000000000000e+02 2.493029999999999973e+02 -2.612647390036879156e-03 8.418928960473144596e-03 -3.915261703404785982e-04 1.420000000000000000e+02 1.420000000000000000e+02
2.780000000000000000e+02 2.570280000000000200e+02 -2.561206611022935273e-03 8.544975003890465867e-03 -3.433038014377728518e-04 1.430000000000000000e+02 1.430000000000000000e+02
2.790000000000000000e+02 2.582570000000000050e+02 -2.496469263381143576e-03 8.600528127917787119e-03 -3.124669180735276412e-04 1.430000000000000000e+02 1.430000000000000000e+02
2.800000000000000000e+02 2.616809999999999832e+02 -2.527528815580076804e-03 8.845338760504145234e-03 -3.548508001173339118e-04 1.440000000000000000e+02 1.440000000000000000e+02
2.810000000000000000e+02 2.589590000000000032e+02 -2.516029080551305998e-03 8.808841036414712805e-03 -3.566007775107290253e-04 1.440000000000000000e+02 1.440000000000000000e+02
2.820000000000000000e+02 2.639630000000000223e+02 -2.513000132485594153e-03 8.887474712107037642e-03 -3.754909583953281306e-04 1.450000000000000000e+02 1.450000000000000000e+02
2.830000000000000000e+02 2.626460000000000150e+02 -2.497650039745505195e-03 8.952691215374926695e-03 -3.644412466563313894e-04 1.450000000000000000e+02 1.450000000000000000e+02
2.840000000000000000e+02 2.690539999999999736e+02 -2.566648449920458461e-03 8.998837243230710728e-03 -3.386544435716614711e-04 1.460000000000000000e+02 1.460000000000000000e+02
2.850000000000000000e+02 2.666840000000000259e+02 -2.568599297827164809e-03 9.040807364612424984e-03 -3.546320020126375767e-04 1.460000000000000000e+02 1.460000000000000000e+02
2.860000000000000000e+02 2.690539999999999736e+02 -2.615984366719598716e-03 9.194773187052618021e-03 -3.525815337396589469e-04 1.470000000000000000e+02 1.470000000000000000e+02
2.870000000000000000e+02 2.694929999999999950e+02 -2.623941772654934685e-03 9.216542172424556714e-03 -3.656167262325570868e-04 1.470000000000000000e+02 1.470000000000000000e+02
2.880000000000000000e+02 2.748480000000000132e+02 -2.707058161102176772e-03 9.404533341114316991e-03 -3.669997991688366988e-04 1.480000000000000000e+02 1.480000000000000000e+02
2.890000000000000000e+02 2.737950000000000159e+02 -2.725437201908269443e-03 9.460161842514880695e-03 -3.509452335741276722e-04 1.480000000000000000e+02 1.480000000000000000e+02
2.900000000000000000e+02 2.755500000000000114e+02 -2.790225887652389436e-03 9.701324210239614665e-03 -3.906532188700824059e-04 1.490000000000000000e+02 1.490000000000000000e+02
2.910000000000000000e+02 2.767789999999999964e+02 -2.834890037096005587e-03 9.761475354030451149e-03 -3.665536466087374046e-04 1.490000000000000000e+02 1.490000000000000000e+02
2.920000000000000000e+02 2.766039999999999850e+02 -2.945780339162491768e-03 1.008223622782439093e-02 -3.681655000586229781e-04 1.500000000000000000e+02 1.500000000000000000e+02
2.930000000000000000e+02 2.780960000000000036e+02 -2.977353272389729986e-03 1.014121148459377376e-02 -4.055952551816414649e-04 1.500000000000000000e+02 1.500000000000000000e+02
2.940000000000000000e+02 2.194559999999999889e+02 -2.964878113407607742e-03 9.824023498288293743e-03 -4.368436582590493381e-04 1.510000000000000000e+02 1.510000000000000000e+02
2.940000000000000000e+02 2.194559999999999889e+02 -2.981973701643047224e-03 9.767520619358973852e-03 -4.385319076956048566e-04 1.510000000000000000e+02 1.510000000000000000e+02
2.950000000000000000e+02 1.997050000000000125e+02 -3.208528749337250224e-03 9.634193121693205089e-03 -4.154038886575758100e-04 1.530000000000000000e+02 1.530000000000000000e+02
2.960000000000000000e+02 2.006709999999999923e+02 -3.610557432432864606e-03 9.645725859788453066e-03 -4.016556669589013044e-04 1.530000000000000000e+02 1.530000000000000000e+02
2.970000000000000000e+02 1.848689999999999998e+02 -3.279888712241686970e-03 9.531936177248578196e-03 -4.618347207501361114e-04 1.540000000000000000e+02 1.540000000000000000e+02
2.980000000000000000e+02 1.859230000000000018e+02 -3.249650569687137069e-03 9.554564464674807078e-03 -4.242908809544288905e-04 1.540000000000000000e+02 1.540000000000000000e+02
2.990000000000000000e+02 1.766179999999999950e+02 -2.920881359300396898e-03 9.478523770619402475e-03 -3.902838697416055082e-04 1.550000000000000000e+02 1.550000000000000000e+02
3.000000000000000000e+02 1.754759999999999991e+02 -2.912205219925746193e-03 9.492242452536481939e-03 -3.992132363454948120e-04 1.550000000000000000e+02 1.550000000000000000e+02
3.010000000000000000e+02 1.638890000000000100e+02 -2.929198131955828253e-03 9.350834500466852564e-03 -4.021030418549398247e-04 1.560000000000000000e+02 1.560000000000000000e+02
3.020000000000000000e+02 1.646790000000000020e+02 -2.780882352940986478e-03 9.375271844848924452e-03 -4.128035730057742292e-04 1.560000000000000000e+02 1.560000000000000000e+02
3.030000000000000000e+02 1.499310000000000116e+02 -2.771128113407448235e-03 9.354844576719603677e-03 -3.419908090864317738e-04 1.570000000000000000e+02 1.570000000000000000e+02
3.040000000000000000e+02 1.480000000000000000e+02 -2.763889440911550168e-03 9.480001167133511944e-03 -3.923642852409880825e-04 1.570000000000000000e+02 1.570000000000000000e+02
3.050000000000000000e+02 1.323739999999999952e+02 -2.789815182829966621e-03 9.122003870992927144e-03 -3.555778861845260304e-04 1.580000000000000000e+02 1.580000000000000000e+02
3.060000000000000000e+02 1.306189999999999998e+02 -2.813636062533289312e-03 9.079687013694236197e-03 -3.487853662486104346e-04 1.580000000000000000e+02 1.580000000000000000e+02
3.070000000000000000e+02 1.156949999999999932e+02 -2.733497284048845306e-03 9.028400248988439902e-03 -3.242496238359481552e-04 1.590000000000000000e+02 1.590000000000000000e+02
3.080000000000000000e+02 1.167489999999999952e+02 -2.770922760996207771e-03 9.013822265017084126e-03 -3.843622640497261662e-04 1.590000000000000000e+02 1.590000000000000000e+02
3.090000000000000000e+02 9.146710000000000207e+01 -2.782627848436685682e-03 8.654000836445815623e-03 -2.920396499441376944e-04 1.600000000000000000e+02 1.600000000000000000e+02
3.100000000000000000e+02 9.085259999999999536e+01 -2.670556770005313562e-03 8.753423591659087802e-03 -3.298226601075819999e-04 1.600000000000000000e+02 1.600000000000000000e+02
3.110000000000000000e+02 6.706310000000000571e+01 -2.877654676735649179e-03 8.447029645191424588e-03 -4.098868761093679811e-04 1.610000000000000000e+02 1.610000000000000000e+02
3.120000000000000000e+02 6.758979999999999677e+01 -2.755418653947847626e-03 8.307792561469119069e-03 -4.088073498918023442e-04 1.610000000000000000e+02 1.610000000000000000e+02
3.130000000000000000e+02 4.301019999999999754e+01 -2.894031531532121736e-03 8.398818277310962990e-03 -3.566372438615591817e-04 1.620000000000000000e+02 1.620000000000000000e+02
3.140000000000000000e+02 4.467810000000000059e+01 -3.043887453630135086e-03 8.384677482103995716e-03 -3.644815837371214069e-04 1.620000000000000000e+02 1.620000000000000000e+02
3.150000000000000000e+02 1.992299999999999827e+01 -2.992549350821432398e-03 8.083936838624470114e-03 -3.469708087815038394e-04 1.630000000000000000e+02 1.630000000000000000e+02
3.160000000000000000e+02 2.246869999999999834e+01 -3.114785373608942951e-03 8.094896708683451195e-03 -2.601020532086574890e-04 1.630000000000000000e+02 1.630000000000000000e+02
3.170000000000000000e+02 8.738190000000000124e-01 -3.544587970323389865e-03 7.884518460161889578e-03 -1.711799772460115797e-04 1.640000000000000000e+02 1.640000000000000000e+02
3.180000000000000000e+02 -1.671920000000000073e+00 -3.506033055113992776e-03 7.826734165888631078e-03 -2.181504705859555555e-04 1.640000000000000000e+02 1.640000000000000000e+02
3.190000000000000000e+02 -9.180639999999999634e-02 -3.496022125066184510e-03 7.683125194522169056e-03 -2.305561601517320516e-04 1.650000000000000000e+02 1.650000000000000000e+02
3.200000000000000000e+02 1.715460000000000040e-01 -3.390573661897163405e-03 7.956051587301702505e-03 -1.638581859169391404e-04 1.650000000000000000e+02 1.650000000000000000e+02
3.210000000000000000e+02 -1.369829999999999970e+01 -3.595772058823936725e-03 7.860744436663649054e-03 -2.113929909425694813e-04 1.660000000000000000e+02 1.660000000000000000e+02
3.220000000000000000e+02 -1.167929999999999957e+01 -2.967650370958986247e-03 7.575230022564618214e-03 -4.328291001093648209e-05 1.660000000000000000e+02 1.660000000000000000e+02
3.230000000000000000e+02 -2.484690000000000154e+01 -3.427023714891580357e-03 7.538491090880714007e-03 -1.929237010117876901e-04 1.670000000000000000e+02 1.670000000000000000e+02
3.240000000000000000e+02 -2.159890000000000043e+01 -2.939465752517204412e-03 7.481159060846537256e-03 -1.597167085678231901e-04 1.670000000000000000e+02 1.670000000000000000e+02
3.250000000000000000e+02 -3.186970000000000169e+01 -3.146204292527970264e-03 7.258222941954468356e-03 -2.596942005029025677e-04 1.680000000000000000e+02 1.680000000000000000e+02
3.260000000000000000e+02 -3.511769999999999925e+01 -3.018475092740142886e-03 7.343429524587599330e-03 -2.537866516726398815e-04 1.680000000000000000e+02 1.680000000000000000e+02
3.270000000000000000e+02 -4.407169999999999987e+01 -3.093685413354438016e-03 7.227318218954382339e-03 -3.396632780364540255e-04 1.690000000000000000e+02 1.690000000000000000e+02
3.280000000000000000e+02 -4.398389999999999844e+01 -3.110986354000651755e-03 7.299409138655444523e-03 -3.274727195684534178e-04 1.690000000000000000e+02 1.690000000000000000e+02
3.290000000000000000e+02 -5.627369999999999806e+01 -3.159038818230013989e-03 7.349957205104340474e-03 -3.499991456793533269e-04 1.700000000000000000e+02 1.700000000000000000e+02
3.300000000000000000e+02 -5.601030000000000086e+01 -3.155599165341469933e-03 7.317695689386859159e-03 -3.264429016727519008e-04 1.700000000000000000e+02 1.700000000000000000e+02
3.310000000000000000e+02 -6.751000000000000512e+01 -3.132959062003267368e-03 7.221438783846760232e-03 -4.096748008512289822e-04 1.710000000000000000e+02 1.710000000000000000e+02
3.320000000000000000e+02 -6.619329999999999359e+01 -3.159962904080629471e-03 7.215438744942469056e-03 -4.329378879931051463e-04 1.710000000000000000e+02 1.710000000000000000e+02
3.330000000000000000e+02 -7.584950000000000614e+01 -2.858454226285523595e-03 6.949688278088886860e-03 -3.939219484715026027e-04 1.720000000000000000e+02 1.720000000000000000e+02
3.340000000000000000e+02 -7.505949999999999989e+01 -2.856349364070254627e-03 6.797621965452817737e-03 -3.717713906132596893e-04 1.720000000000000000e+02 1.720000000000000000e+02
3.350000000000000000e+02 -8.901709999999999923e+01 -2.878938129305719067e-03 6.574715997510250688e-03 -5.966575425212845190e-04 1.730000000000000000e+02 1.730000000000000000e+02
3.360000000000000000e+02 -9.024609999999999843e+01 -2.857273449920462883e-03 6.708978174603285813e-03 -4.299794279573105780e-04 1.730000000000000000e+02 1.730000000000000000e+02
3.370000000000000000e+02 -9.884900000000000375e+01 -2.638521793852328500e-03 6.224919759570622310e-03 -4.576374234002588597e-04 1.740000000000000000e+02 1.740000000000000000e+02
3.380000000000000000e+02 -9.779559999999999320e+01 -2.605922098569346795e-03 6.322804816370913156e-03 -3.164737347643046877e-04 1.740000000000000000e+02 1.740000000000000000e+02
3.390000000000000000e+02 -1.069249999999999972e+02 -1.996025437201985782e-03 6.639223953470313640e-03 -3.019699058301918019e-04 1.750000000000000000e+02 1.750000000000000000e+02
3.400000000000000000e+02 -1.065739999999999981e+02 -1.968354199787867957e-03 6.723088818860883942e-03 -2.790337935098172444e-04 1.750000000000000000e+02 1.750000000000000000e+02
3.410000000000000000e+02 -1.179860000000000042e+02 -1.909264043455248441e-03 6.541414274042992895e-03 -3.228889603891354218e-04 1.760000000000000000e+02 1.760000000000000000e+02
3.420000000000000000e+02 -1.200049999999999955e+02 -1.961218203497676425e-03 6.405056605975608351e-03 -3.360543316426189845e-04 1.760000000000000000e+02 1.760000000000000000e+02
3.430000000000000000e+02 -1.313290000000000077e+02 -1.861827636460018729e-03 6.439609593837553568e-03 -3.314905372809808133e-04 1.770000000000000000e+02 1.770000000000000000e+02
3.440000000000000000e+02 -1.321189999999999998e+02 -1.827790474297704771e-03 6.645676256613785443e-03 -3.359559336119648416e-04 1.770000000000000000e+02 1.770000000000000000e+02
3.450000000000000000e+02 -1.414240000000000066e+02 -1.787695416004201308e-03 6.478866129785158107e-03 -3.642210224931013702e-04 1.780000000000000000e+02 1.780000000000000000e+02
3.460000000000000000e+02 -1.426529999999999916e+02 -1.811208267090282098e-03 6.445880991285365610e-03 -3.649866121373742962e-04 1.780000000000000000e+02 1.780000000000000000e+02
3.470000000000000000e+02 -1.522220000000000084e+02 -1.680809485956606458e-03 5.878997918611960326e-03 -2.732898339516892454e-04 1.790000000000000000e+02 1.790000000000000000e+02
3.480000000000000000e+02 -1.534509999999999934e+02 -1.663765235824255081e-03 5.915013227513167375e-03 -3.231000170339233643e-04 1.790000000000000000e+02 1.790000000000000000e+02
3.490000000000000000e+02 -1.643360000000000127e+02 -1.556211910439263962e-03 4.758573568316124512e-03 -2.246647054090339358e-04 1.800000000000000000e+02 1.800000000000000000e+02
3.500000000000000000e+02 -1.632829999999999870e+02 -1.563912625861494125e-03 4.696477688297773061e-03 -2.546852721945088945e-04 1.800000000000000000e+02 1.800000000000000000e+02
3.510000000000000000e+02 -1.694269999999999925e+02 -1.578697999470246149e-03 4.960795985060613422e-03 -3.189964320939120759e-04 1.810000000000000000e+02 1.810000000000000000e+02
3.520000000000000000e+02 -1.683739999999999952e+02 -1.594253444620935024e-03 4.808759823373834515e-03 -2.997823322272633972e-04 1.810000000000000000e+02 1.810000000000000000e+02
3.530000000000000000e+02 -1.733779999999999859e+02 -1.524330948596007689e-03 5.029344168222818316e-03 -2.967468650372960472e-04 1.820000000000000000e+02 1.820000000000000000e+02
3.540000000000000000e+02 -1.708319999999999936e+02 -1.549794647588912788e-03 4.999585181294841953e-03 -3.222476415491724085e-04 1.820000000000000000e+02 1.820000000000000000e+02
3.550000000000000000e+02 -1.779420000000000073e+02 -1.489934419714180995e-03 5.338300945378254662e-03 -3.072047625355506478e-04 1.830000000000000000e+02 1.830000000000000000e+02
3.560000000000000000e+02 -1.772400000000000091e+02 -1.502204226285237766e-03 5.462266573296095835e-03 -2.837568989681600834e-04 1.830000000000000000e+02 1.830000000000000000e+02
3.570000000000000000e+02 -1.854919999999999902e+02 -1.534290540540786179e-03 5.391396767040096925e-03 -2.910968216113964504e-04 1.840000000000000000e+02 1.840000000000000000e+02
3.580000000000000000e+02 -1.832969999999999970e+02 -1.543223370429124258e-03 5.506362336601388144e-03 -2.991560888618865111e-04 1.840000000000000000e+02 1.840000000000000000e+02
3.590000000000000000e+02 -1.923389999999999986e+02 -1.502101550079412403e-03 5.571518537970756614e-03 -3.054032433168125970e-04 1.850000000000000000e+02 1.850000000000000000e+02
3.600000000000000000e+02 -1.897930000000000064e+02 -1.489267024377368244e-03 5.609342903828240350e-03 -3.143173307236920774e-04 1.850000000000000000e+02 1.850000000000000000e+02
3.610000000000000000e+02 -1.971670000000000016e+02 -1.621154610492473716e-03 4.892021669778990819e-03 -2.475368488236739700e-04 1.860000000000000000e+02 1.860000000000000000e+02
3.620000000000000000e+02 -2.000639999999999930e+02 -1.530286168521897017e-03 4.665784021942114869e-03 -2.334465768287862343e-04 1.860000000000000000e+02 1.860000000000000000e+02
3.630000000000000000e+02 -2.084910000000000139e+02 -1.578441308956034022e-03 3.625154158885769348e-03 -3.730250996794607851e-04 1.870000000000000000e+02 1.870000000000000000e+02
3.640000000000000000e+02 -2.107740000000000009e+02 -1.648209790672866245e-03 3.806964382975423430e-03 -4.299315531392747681e-04 1.870000000000000000e+02 1.870000000000000000e+02
3.650000000000000000e+02 -2.192889999999999873e+02 -1.757970654478251951e-03 3.717235157952033554e-03 -5.949399570262537676e-04 1.880000000000000000e+02 1.880000000000000000e+02
3.660000000000000000e+02 -2.164799999999999898e+02 -1.474224960254754508e-03 3.953392468098356968e-03 -5.046409198062266205e-04 1.880000000000000000e+02 1.880000000000000000e+02
3.670000000000000000e+02 -2.188499999999999943e+02 -1.515911499734694592e-03 3.641269841269887883e-03 -5.552602891756645538e-04 1.890000000000000000e+02 1.890000000000000000e+02
3.680000000000000000e+02 -2.192889999999999873e+02 -1.547279080551277166e-03 3.347539293495100255e-03 -5.519487778217674117e-04 1.890000000000000000e+02 1.890000000000000000e+02
3.690000000000000000e+02 -2.299110000000000014e+02 -1.618022986221463429e-03 3.125552929505150557e-03 -7.409707830205110356e-04 1.900000000000000000e+02 1.900000000000000000e+02
3.700000000000000000e+02 -2.276279999999999859e+02 -1.535317302596936025e-03 3.133814289604670931e-03 -6.406123297667840142e-04 1.900000000000000000e+02 1.900000000000000000e+02
3.710000000000000000e+02 -2.327199999999999989e+02 -1.376066507684430961e-03 2.975491654995240150e-03 -6.801622263018860821e-04 1.910000000000000000e+02 1.910000000000000000e+02
3.720000000000000000e+02 -2.340370000000000061e+02 -1.364412758346573431e-03 2.807927754434973253e-03 -8.370158170251159463e-04 1.910000000000000000e+02 1.910000000000000000e+02
3.730000000000000000e+02 -2.439559999999999889e+02 -1.217021065182641391e-03 3.110477454870915186e-03 -4.789498663580200443e-04 1.920000000000000000e+02 1.920000000000000000e+02
3.740000000000000000e+02 -2.421129999999999995e+02 -1.187347641759195970e-03 2.892124280267647455e-03 -5.344553192898897527e-04 1.920000000000000000e+02 1.920000000000000000e+02
3.750000000000000000e+02 -2.493110000000000070e+02 -6.082538420778381286e-04 2.320628112355933078e-03 -3.531030636728210411e-04 1.930000000000000000e+02 1.930000000000000000e+02
3.760000000000000000e+02 -2.501009999999999991e+02 -5.637950450450001380e-04 2.110430769529915429e-03 -5.011564479396537911e-04 1.930000000000000000e+02 1.930000000000000000e+02
3.770000000000000000e+02 -2.557189999999999941e+02 -5.459807233701867218e-04 1.906354069405427881e-03 -3.917058537004952830e-04 1.940000000000000000e+02 1.940000000000000000e+02
3.780000000000000000e+02 -2.529099999999999966e+02 -7.544134207735629129e-04 2.085918047774642289e-03 -5.655798590081630769e-04 1.940000000000000000e+02 1.940000000000000000e+02
3.790000000000000000e+02 -2.633559999999999945e+02 -4.849397191309763253e-04 1.368807870370321485e-03 -6.512996189466420264e-04 1.950000000000000000e+02 1.950000000000000000e+02
3.800000000000000000e+02 -2.622149999999999750e+02 -4.924864202436517137e-04 1.345365507314116773e-03 -6.607912600101667000e-04 1.950000000000000000e+02 1.950000000000000000e+02
3.810000000000000000e+02 -2.690620000000000118e+02 -2.620810148383612257e-04 1.143022486772517091e-03 -4.872570640494274918e-04 1.960000000000000000e+02 1.960000000000000000e+02
3.820000000000000000e+02 -2.683600000000000136e+02 -1.204391891895432260e-04 9.592675264548573312e-04 -5.196732052430097721e-04 1.960000000000000000e+02 1.960000000000000000e+02
3.830000000000000000e+02 -2.752069999999999936e+02 6.442931902501426722e-05 4.801237161531416147e-04 -5.792019763988389509e-04 1.970000000000000000e+02 1.970000000000000000e+02
3.840000000000000000e+02 -2.781039999999999850e+02 1.054998012719295043e-04 4.560632586368358935e-04 -5.271508443842696373e-04 1.970000000000000000e+02 1.970000000000000000e+02
3.850000000000000000e+02 -2.826689999999999827e+02 4.539828431372210831e-04 -2.579262955182311527e-04 -6.149569277786957194e-04 1.980000000000000000e+02 1.980000000000000000e+02
3.860000000000000000e+02 -2.795090000000000146e+02 4.629670111287045669e-04 -2.894943394023917742e-04 -5.641393362902601388e-04 1.980000000000000000e+02 1.980000000000000000e+02
3.870000000000000000e+02 -2.894279999999999973e+02 8.981601086385211999e-04 -1.088720627139734727e-03 -4.234254672215997939e-04 1.990000000000000000e+02 1.990000000000000000e+02
3.880000000000000000e+02 -2.881120000000000232e+02 8.718749999998898822e-04 -1.031011710239686371e-03 -5.141284864171532815e-04 1.990000000000000000e+02 1.990000000000000000e+02
3.890000000000000000e+02 -2.942559999999999718e+02 9.663884472705452445e-04 -1.930520055244450096e-03 -3.135148672832241672e-04 2.000000000000000000e+02 2.000000000000000000e+02
3.900000000000000000e+02 -2.932909999999999968e+02 1.008742382088053443e-03 -2.314190884687075157e-03 -2.224649084482750640e-04 2.000000000000000000e+02 2.000000000000000000e+02
3.910000000000000000e+02 -2.996990000000000123e+02 9.260366984632365569e-04 -2.872465861344468234e-03 -2.107522832706337605e-04 2.010000000000000000e+02 2.010000000000000000e+02
3.920000000000000000e+02 -2.979429999999999836e+02 1.124355789613561661e-03 -2.975386126672826311e-03 -3.561908875787352709e-04 2.010000000000000000e+02 2.010000000000000000e+02
3.930000000000000000e+02 -2.759100000000000250e+02 1.466780935346788080e-03 -3.811411647992463299e-03 -4.219721099775956656e-04 2.020000000000000000e+02 2.020000000000000000e+02
3.940000000000000000e+02 -2.801229999999999905e+02 1.290331875993716397e-03 -3.777024490351801617e-03 -4.161707006376160617e-04 2.020000000000000000e+02 2.020000000000000000e+02
3.950000000000000000e+02 -2.219219999999999970e+02 1.547535771065013327e-03 -3.043135309679441576e-03 -9.174648650752069944e-04 2.030000000000000000e+02 2.030000000000000000e+02
3.960000000000000000e+02 -2.213079999999999927e+02 1.773372085320602852e-03 -3.160799389200137123e-03 -7.848004845708170599e-04 2.030000000000000000e+02 2.030000000000000000e+02
3.970000000000000000e+02 -2.303499999999999943e+02 1.705605789612689048e-03 -3.059703256302464917e-03 -9.363085972002660809e-04 2.040000000000000000e+02 2.040000000000000000e+02
3.980000000000000000e+02 -2.332470000000000141e+02 1.665510731319536000e-03 -3.211377606598427806e-03 -7.806060393378529486e-04 2.040000000000000000e+02 2.040000000000000000e+02
3.990000000000000000e+02 -2.425519999999999925e+02 1.721366587175495724e-03 -3.368448976813047131e-03 -8.603540778172875762e-04 2.050000000000000000e+02 2.050000000000000000e+02
4.000000000000000000e+02 -2.447460000000000093e+02 1.795806836248263613e-03 -3.215855022564709318e-03 -8.968135020525989237e-04 2.050000000000000000e+02 2.050000000000000000e+02
4.010000000000000000e+02 -2.591429999999999723e+02 1.727270468998471720e-03 -3.545631030189994211e-03 -8.536668824814324340e-04 2.060000000000000000e+02 2.060000000000000000e+02
4.020000000000000000e+02 -2.580020000000000095e+02 1.665459393216332535e-03 -3.561701486150166147e-03 -7.836616750680142421e-04 2.060000000000000000e+02 2.060000000000000000e+02
4.030000000000000000e+02 -2.718720000000000141e+02 1.662533121356853712e-03 -3.831959519918722457e-03 -7.731286039191166345e-04 2.070000000000000000e+02 2.070000000000000000e+02
4.040000000000000000e+02 -2.722230000000000132e+02 1.585474629040799178e-03 -3.890980003112429631e-03 -6.392553333270400463e-04 2.070000000000000000e+02 2.070000000000000000e+02
4.050000000000000000e+02 -2.841610000000000014e+02 1.802583465819002258e-03 -3.930161161687058431e-03 -9.897925104727033595e-04 2.080000000000000000e+02 2.080000000000000000e+02
4.060000000000000000e+02 -2.862679999999999723e+02 1.864240527291821182e-03 -3.991382664176761248e-03 -7.351512423663538430e-04 2.080000000000000000e+02 2.080000000000000000e+02
4.070000000000000000e+02 -2.940810000000000173e+02 1.857258545310190752e-03 -4.283515211640231274e-03 -9.809674498553262907e-04 2.090000000000000000e+02 2.090000000000000000e+02
4.080000000000000000e+02 -2.940810000000000173e+02 1.985552464229239054e-03 -4.192595024120810733e-03 -8.751634906966399875e-04 2.090000000000000000e+02 2.090000000000000000e+02
4.090000000000000000e+02 -2.997869999999999777e+02 2.003982843137369022e-03 -4.266525151727385175e-03 -1.142497900999778389e-03 2.100000000000000000e+02 2.100000000000000000e+02
4.100000000000000000e+02 -2.982069999999999936e+02 1.991559022257456679e-03 -4.258459772797979284e-03 -1.207307773897846326e-03 2.100000000000000000e+02 2.100000000000000000e+02
4.110000000000000000e+02 -3.036490000000000009e+02 2.207641096979389567e-03 -4.955896455804483132e-03 -1.250815389969832641e-03 2.110000000000000000e+02 2.110000000000000000e+02
4.120000000000000000e+02 -3.028589999999999804e+02 2.085148383677611159e-03 -4.869619514472395619e-03 -1.308348290517535786e-03 2.110000000000000000e+02 2.110000000000000000e+02
4.130000000000000000e+02 -3.060199999999999818e+02 2.247941507684017050e-03 -5.721534586056690498e-03 -1.220123557118071335e-03 2.120000000000000000e+02 2.120000000000000000e+02
4.140000000000000000e+02 -3.042640000000000100e+02 2.261905471648209456e-03 -5.751399101307390349e-03 -1.320226338470948182e-03 2.120000000000000000e+02 2.120000000000000000e+02
4.150000000000000000e+02 -3.082139999999999986e+02 2.498625463698902604e-03 -6.222718740274011708e-03 -1.328141981266840917e-03 2.130000000000000000e+02 2.130000000000000000e+02
4.160000000000000000e+02 -3.080389999999999873e+02 2.434298820879886305e-03 -6.326814892623809118e-03 -1.409753063199698647e-03 2.130000000000000000e+02 2.130000000000000000e+02
4.170000000000000000e+02 -3.068100000000000023e+02 2.546883280339330962e-03 -6.443348311547026676e-03 -1.451064956763555708e-03 2.140000000000000000e+02 2.140000000000000000e+02
4.180000000000000000e+02 -3.092679999999999723e+02 2.658132949125620662e-03 -6.488589810924486750e-03 -1.498323106457402111e-03 2.140000000000000000e+02 2.140000000000000000e+02
4.190000000000000000e+02 -3.091800000000000068e+02 2.684212705352364246e-03 -6.885135095704957540e-03 -1.722344252077886127e-03 2.150000000000000000e+02 2.150000000000000000e+02
4.200000000000000000e+02 -3.081259999999999764e+02 2.801006889242119591e-03 -6.878155150949145057e-03 -1.690561280818623710e-03 2.150000000000000000e+02 2.150000000000000000e+02
4.210000000000000000e+02 -3.100579999999999927e+02 2.933664546899509076e-03 -7.370670907251908321e-03 -1.871244918763220223e-03 2.160000000000000000e+02 2.160000000000000000e+02
4.220000000000000000e+02 -3.072490000000000236e+02 3.131059552199510782e-03 -7.392454968098542863e-03 -1.850223391721508327e-03 2.160000000000000000e+02 2.160000000000000000e+02
4.230000000000000000e+02 -3.119889999999999759e+02 2.883147853736003734e-03 -7.849679038281933210e-03 -1.736725643710909824e-03 2.170000000000000000e+02 2.170000000000000000e+02
4.240000000000000000e+02 -3.119010000000000105e+02 2.914669448860973937e-03 -7.871402797229977780e-03 -1.778276096474601387e-03 2.170000000000000000e+02 2.170000000000000000e+02
4.250000000000000000e+02 -3.142710000000000150e+02 2.886125463699503943e-03 -8.277370253657054602e-03 -1.781770347027778270e-03 2.180000000000000000e+02 2.180000000000000000e+02
4.260000000000000000e+02 -3.137450000000000045e+02 3.021914745628022109e-03 -8.279119008714625957e-03 -1.801042304121334980e-03 2.180000000000000000e+02 2.180000000000000000e+02
4.270000000000000000e+02 -3.177830000000000155e+02 3.138708929518242360e-03 -8.659337554466369977e-03 -1.940711483542489381e-03 2.190000000000000000e+02 2.190000000000000000e+02
4.280000000000000000e+02 -3.121639999999999873e+02 3.260328895071557941e-03 -8.732333002645635556e-03 -1.998447495552274113e-03 2.190000000000000000e+02 2.190000000000000000e+02
4.290000000000000000e+02 -3.191870000000000118e+02 3.578265765765701895e-03 -9.113848039215553462e-03 -2.164259177770281109e-03 2.200000000000000000e+02 2.200000000000000000e+02
4.300000000000000000e+02 -3.174320000000000164e+02 3.693981849496681159e-03 -9.150602046374023413e-03 -2.128363657775543538e-03 2.200000000000000000e+02 2.200000000000000000e+02
4.310000000000000000e+02 -3.190120000000000005e+02 3.730791269210494403e-03 -9.486167036258942240e-03 -2.292402953110612811e-03 2.210000000000000000e+02 2.210000000000000000e+02
4.320000000000000000e+02 -3.179580000000000268e+02 3.632324788023278284e-03 -9.550659916744617256e-03 -2.237565710405857791e-03 2.210000000000000000e+02 2.210000000000000000e+02
4.330000000000000000e+02 -2.560699999999999932e+02 3.361362281398912535e-03 -9.167471502489889928e-03 -2.065085167888418803e-03 2.220000000000000000e+02 2.220000000000000000e+02
4.340000000000000000e+02 -2.585280000000000200e+02 3.637047893481428623e-03 -9.017319775132353471e-03 -2.040934257524367607e-03 2.220000000000000000e+02 2.220000000000000000e+02
4.350000000000000000e+02 -2.394790000000000134e+02 3.320137784843725081e-03 -8.948289176781641305e-03 -2.106572670359451241e-03 2.230000000000000000e+02 2.230000000000000000e+02
4.360000000000000000e+02 -2.395670000000000073e+02 3.468966944885938999e-03 -8.896489845938427427e-03 -2.075210997499584743e-03 2.230000000000000000e+02 2.230000000000000000e+02
4.370000000000000000e+02 -2.188499999999999943e+02 3.292363871223900722e-03 -8.873213313103265124e-03 -2.316700136323386269e-03 2.240000000000000000e+02 2.240000000000000000e+02
4.380000000000000000e+02 -2.182350000000000136e+02 3.526824986751461374e-03 -8.821323529411723499e-03 -2.252214386129850095e-03 2.240000000000000000e+02 2.240000000000000000e+02
4.390000000000000000e+02 -2.004149999999999920e+02 3.175210320614634592e-03 -8.363149704326253847e-03 -2.190887151594832043e-03 2.250000000000000000e+02 2.250000000000000000e+02
4.400000000000000000e+02 -2.005029999999999859e+02 3.130443494965836227e-03 -8.544552890600647446e-03 -2.146308158210743534e-03 2.250000000000000000e+02 2.250000000000000000e+02
4.410000000000000000e+02 -1.815420000000000016e+02 2.967085651828326939e-03 -8.272606403672706429e-03 -2.011050184901227479e-03 2.260000000000000000e+02 2.260000000000000000e+02
4.420000000000000000e+02 -1.793470000000000084e+02 2.909843667196763614e-03 -8.356034080298880423e-03 -2.074593106762295629e-03 2.260000000000000000e+02 2.260000000000000000e+02
4.430000000000000000e+02 -1.602980000000000018e+02 3.056465288818002030e-03 -8.047122529567417998e-03 -2.134954899752670478e-03 2.270000000000000000e+02 2.270000000000000000e+02
4.440000000000000000e+02 -1.605610000000000070e+02 3.043938791733025867e-03 -7.979086912542784210e-03 -2.128527450770183183e-03 2.270000000000000000e+02 2.270000000000000000e+02
4.450000000000000000e+02 -1.414240000000000066e+02 3.090861817699710329e-03 -7.996529236694836090e-03 -2.176747782446471907e-03 2.280000000000000000e+02 2.280000000000000000e+02
4.460000000000000000e+02 -1.376500000000000057e+02 3.047121754106948185e-03 -7.999815690164955098e-03 -2.209226466487576764e-03 2.280000000000000000e+02 2.280000000000000000e+02
4.470000000000000000e+02 -1.231650000000000063e+02 3.004049085850700202e-03 -7.712929407874439397e-03 -2.253994310749807446e-03 2.290000000000000000e+02 2.290000000000000000e+02
4.480000000000000000e+02 -1.219360000000000070e+02 2.963543322734423294e-03 -7.747316565515150952e-03 -2.257461873638366180e-03 2.290000000000000000e+02 2.290000000000000000e+02
4.490000000000000000e+02 -9.674219999999999686e+01 3.019963897721369105e-03 -7.594390950824691892e-03 -2.057262218889002216e-03 2.300000000000000000e+02 2.300000000000000000e+02
4.500000000000000000e+02 -9.955119999999999436e+01 2.952351616321786769e-03 -7.542214733115382846e-03 -2.143879173290909844e-03 2.300000000000000000e+02 2.300000000000000000e+02
4.510000000000000000e+02 -7.541060000000000230e+01 2.698125331213286401e-03 -7.286459305944775061e-03 -2.220721719618813476e-03 2.310000000000000000e+02 2.310000000000000000e+02
4.520000000000000000e+02 -7.005580000000000496e+01 2.693761592475001597e-03 -7.260273206505008653e-03 -2.178113335236732222e-03 2.310000000000000000e+02 2.310000000000000000e+02
4.530000000000000000e+02 -5.443019999999999925e+01 2.772873608903472700e-03 -6.839622237784103234e-03 -2.201768995886696674e-03 2.320000000000000000e+02 2.320000000000000000e+02
4.540000000000000000e+02 -5.285009999999999764e+01 2.709522390037398445e-03 -6.799325494086346650e-03 -2.226992709621437687e-03 2.320000000000000000e+02 2.320000000000000000e+02
4.550000000000000000e+02 -3.011400000000000077e+01 2.781139043454881367e-03 -6.684601132119573179e-03 -2.127776325432717726e-03 2.330000000000000000e+02 2.330000000000000000e+02
4.560000000000000000e+02 -2.879720000000000013e+01 2.757626192368975784e-03 -6.738541180361186725e-03 -2.066027996220898104e-03 2.330000000000000000e+02 2.330000000000000000e+02
4.570000000000000000e+02 -1.001140000000000008e+01 2.578764242183453296e-03 -6.622761535169689392e-03 -2.004190436497609203e-03 2.340000000000000000e+02 2.340000000000000000e+02
4.580000000000000000e+02 -9.572490000000000165e+00 2.420078166401173209e-03 -6.628701272175669887e-03 -2.043333906385461952e-03 2.340000000000000000e+02 2.340000000000000000e+02
4.590000000000000000e+02 -5.095500000000000362e+00 2.495801868044946002e-03 -6.584545206971595052e-03 -1.996676331005474946e-03 2.350000000000000000e+02 2.350000000000000000e+02
4.600000000000000000e+02 -6.148909999999999876e+00 2.350361022787429092e-03 -6.640038029100475518e-03 -1.992551151466735379e-03 2.350000000000000000e+02 2.350000000000000000e+02
4.610000000000000000e+02 -4.022269999999999665e-03 2.255590885002622861e-03 -6.460458975256881849e-03 -1.956145917451070255e-03 2.360000000000000000e+02 2.360000000000000000e+02
4.620000000000000000e+02 -9.696479999999999544e-01 2.378596979331718334e-03 -6.559957107843176170e-03 -1.959123527413998873e-03 2.360000000000000000e+02 2.360000000000000000e+02
4.630000000000000000e+02 1.254909999999999926e+01 2.420694223635425860e-03 -6.204402038593310326e-03 -2.018510711341689814e-03 2.370000000000000000e+02 2.370000000000000000e+02
4.640000000000000000e+02 1.193459999999999965e+01 2.332546701112793268e-03 -6.283653808745556790e-03 -2.133123229584775460e-03 2.370000000000000000e+02 2.370000000000000000e+02
4.650000000000000000e+02 2.308320000000000149e+01 2.315502450980441891e-03 -6.100336037192783181e-03 -2.186334765700545350e-03 2.380000000000000000e+02 2.380000000000000000e+02
4.660000000000000000e+02 2.483889999999999887e+01 2.389942700052683725e-03 -6.027581796607539219e-03 -2.065486094024651838e-03 2.380000000000000000e+02 2.380000000000000000e+02
4.670000000000000000e+02 3.528520000000000323e+01 2.197681505034364963e-03 -5.968320105820220690e-03 -2.009691151235034993e-03 2.390000000000000000e+02 2.390000000000000000e+02
4.680000000000000000e+02 3.563629999999999853e+01 2.315656465288654965e-03 -6.014390756302502930e-03 -2.051286015532343028e-03 2.390000000000000000e+02 2.390000000000000000e+02
4.690000000000000000e+02 4.511699999999999733e+01 1.847966348701917750e-03 -5.911787075941535123e-03 -2.024411741047713910e-03 2.400000000000000000e+02 2.400000000000000000e+02
4.700000000000000000e+02 4.406360000000000099e+01 1.877793786433284160e-03 -5.901173941798918375e-03 -2.020885506041586281e-03 2.400000000000000000e+02 2.400000000000000000e+02
4.710000000000000000e+02 5.494890000000000185e+01 2.143160439851739957e-03 -5.770710784313759847e-03 -1.831377622370142753e-03 2.410000000000000000e+02 2.410000000000000000e+02
4.720000000000000000e+02 5.328099999999999881e+01 2.029549218335561286e-03 -5.690675089480280897e-03 -1.817098499497411812e-03 2.410000000000000000e+02 2.410000000000000000e+02
4.730000000000000000e+02 6.381510000000000105e+01 1.932314851616317476e-03 -5.663298027544295607e-03 -1.993537372719372813e-03 2.420000000000000000e+02 2.420000000000000000e+02
4.740000000000000000e+02 6.363949999999999818e+01 2.111536168521471746e-03 -5.506799525365659552e-03 -1.881295371001450757e-03 2.420000000000000000e+02 2.420000000000000000e+02
4.750000000000000000e+02 7.268129999999999313e+01 1.964709194488760413e-03 -5.497437655618026865e-03 -2.025841873911814889e-03 2.430000000000000000e+02 2.430000000000000000e+02
4.760000000000000000e+02 7.487590000000000146e+01 2.025236817699897513e-03 -5.542468098350340072e-03 -1.996463644579541188e-03 2.430000000000000000e+02 2.430000000000000000e+02
4.770000000000000000e+02 8.602439999999999998e+01 2.239111354000853163e-03 -5.371436838624257110e-03 -1.977473843328491666e-03 2.440000000000000000e+02 2.440000000000000000e+02
4.780000000000000000e+02 8.312760000000000105e+01 2.121649774774637866e-03 -5.294853427482081390e-03 -2.042196930386394257e-03 2.440000000000000000e+02 2.440000000000000000e+02
4.790000000000000000e+02 9.304720000000000368e+01 2.098547628511038005e-03 -5.048957360722022315e-03 -1.975031616437861182e-03 2.450000000000000000e+02 2.450000000000000000e+02
4.800000000000000000e+02 9.146710000000000207e+01 2.118723502914283009e-03 -5.128601093215193370e-03 -1.938158838986079983e-03 2.450000000000000000e+02 2.450000000000000000e+02
4.810000000000000000e+02 1.059509999999999934e+02 1.863367779544161532e-03 -5.008931975568022520e-03 -2.061183675797652499e-03 2.460000000000000000e+02 2.460000000000000000e+02
4.820000000000000000e+02 1.024399999999999977e+02 1.954492912030000949e-03 -5.007379201680782488e-03 -1.953271187416273820e-03 2.460000000000000000e+02 2.460000000000000000e+02
4.830000000000000000e+02 1.130619999999999976e+02 2.196500728669947399e-03 -4.876674836601336931e-03 -1.799732775054609102e-03 2.470000000000000000e+02 2.470000000000000000e+02
4.840000000000000000e+02 1.140280000000000058e+02 2.029343865925019481e-03 -4.875272817460271288e-03 -1.772751749911703409e-03 2.470000000000000000e+02 2.470000000000000000e+02
4.850000000000000000e+02 1.230690000000000026e+02 1.670747217805744348e-03 -4.749573509959523383e-03 -1.770707393317870297e-03 2.480000000000000000e+02 2.480000000000000000e+02
4.860000000000000000e+02 1.232450000000000045e+02 1.897969660837404331e-03 -4.697894782913186740e-03 -1.782944196822899841e-03 2.480000000000000000e+02 2.480000000000000000e+02
4.870000000000000000e+02 1.262300000000000040e+02 1.837904080551430773e-03 -4.626572712418158990e-03 -1.890274649649618770e-03 2.490000000000000000e+02 2.490000000000000000e+02
4.880000000000000000e+02 1.315840000000000032e+02 1.810540871754088860e-03 -4.583351326641805015e-03 -1.884101242787022262e-03 2.490000000000000000e+02 2.490000000000000000e+02
4.890000000000000000e+02 1.422059999999999889e+02 1.611965090089429982e-03 -4.297580629474146048e-03 -1.818499296302591300e-03 2.500000000000000000e+02 2.500000000000000000e+02
4.900000000000000000e+02 1.408019999999999925e+02 1.574334260731587078e-03 -4.385259589946922769e-03 -1.828415087881939474e-03 2.500000000000000000e+02 2.500000000000000000e+02
4.910000000000000000e+02 1.523890000000000100e+02 1.626237082671393597e-03 -4.107810554777484302e-03 -1.820568303334720028e-03 2.510000000000000000e+02 2.510000000000000000e+02
4.920000000000000000e+02 1.487019999999999982e+02 1.637120760466380560e-03 -4.107584422657860161e-03 -1.875350948374879950e-03 2.510000000000000000e+02 2.510000000000000000e+02
4.930000000000000000e+02 1.563400000000000034e+02 1.657039944356114482e-03 -3.971181528166748027e-03 -1.910955145008341911e-03 2.520000000000000000e+02 2.520000000000000000e+02
4.940000000000000000e+02 1.582709999999999866e+02 1.604829093799648061e-03 -4.005779742452682778e-03 -1.906549643130434762e-03 2.520000000000000000e+02 2.520000000000000000e+02
4.950000000000000000e+02 1.661709999999999923e+02 1.477510598834189288e-03 -3.784426548397115068e-03 -1.853606613441098096e-03 2.530000000000000000e+02 2.530000000000000000e+02
4.960000000000000000e+02 1.667860000000000014e+02 1.558008744038144296e-03 -3.870130621693148188e-03 -1.857056452460921318e-03 2.530000000000000000e+02 2.530000000000000000e+02
4.970000000000000000e+02 1.724039999999999964e+02 1.490704491256154493e-03 -3.720973875661366583e-03 -1.720275245045485048e-03 2.540000000000000000e+02 2.540000000000000000e+02
4.980000000000000000e+02 1.717019999999999982e+02 1.483209128246274367e-03 -3.771853602552257146e-03 -1.710316875436360476e-03 2.540000000000000000e+02 2.540000000000000000e+02
4.990000000000000000e+02 1.810070000000000050e+02 1.297108505564443116e-03 -3.497344284936131868e-03 -1.673858062369248077e-03 2.550000000000000000e+02 2.550000000000000000e+02
5.000000000000000000e+02 1.812700000000000102e+02 1.284838698992918837e-03 -3.469680788982285914e-03 -1.572011619024270973e-03 2.550000000000000000e+02 2.550000000000000000e+02
5.010000000000000000e+02 1.882050000000000125e+02 1.169019939056403041e-03 -3.165713993930788055e-03 -1.534269149664379411e-03 2.560000000000000000e+02 2.560000000000000000e+02
5.020000000000000000e+02 1.888199999999999932e+02 1.198488010068607997e-03 -3.091286375661501419e-03 -1.363771643229309827e-03 2.560000000000000000e+02 2.560000000000000000e+02
5.030000000000000000e+02 1.966320000000000050e+02 1.100894276629328867e-03 -2.916064133986827605e-03 -1.506957890137936192e-03 2.570000000000000000e+02 2.570000000000000000e+02
5.040000000000000000e+02 1.930329999999999870e+02 9.441590487546914438e-04 -2.894325299564217292e-03 -1.532303226283076962e-03 2.570000000000000000e+02 2.570000000000000000e+02
5.050000000000000000e+02 2.033040000000000020e+02 9.914927795442148376e-04 -2.552760270774911446e-03 -1.732602501398368758e-03 2.580000000000000000e+02 2.580000000000000000e+02
5.060000000000000000e+02 2.062889999999999873e+02 1.200079491255802043e-03 -2.470794915188215691e-03 -1.743895457957998427e-03 2.580000000000000000e+02 2.580000000000000000e+02
5.070000000000000000e+02 2.103269999999999982e+02 8.381972045574821164e-04 -2.445498268751919967e-03 -1.582246643965540440e-03 2.590000000000000000e+02 2.590000000000000000e+02
5.080000000000000000e+02 2.080440000000000111e+02 7.494336248007754404e-04 -2.402322109399376848e-03 -1.379524903054445487e-03 2.590000000000000000e+02 2.590000000000000000e+02
5.090000000000000000e+02 2.176129999999999995e+02 5.718551271860232346e-04 -2.029882508558985069e-03 -1.103815455423923578e-03 2.600000000000000000e+02 2.600000000000000000e+02
5.100000000000000000e+02 2.195440000000000111e+02 4.914083200846303861e-04 -2.041897661842443246e-03 -1.141147831129454664e-03 2.600000000000000000e+02 2.600000000000000000e+02
5.110000000000000000e+02 2.245480000000000018e+02 4.061870694224070243e-04 -1.794901085434034201e-03 -1.023223394087268215e-03 2.610000000000000000e+02 2.610000000000000000e+02
5.120000000000000000e+02 2.220900000000000034e+02 4.319074589294096488e-04 -1.713176937441617019e-03 -9.668482492469921558e-04 2.610000000000000000e+02 2.610000000000000000e+02
5.130000000000000000e+02 2.303420000000000130e+02 6.833614864864088340e-04 -1.133328956582518778e-03 -1.678679565858016021e-03 2.620000000000000000e+02 2.620000000000000000e+02
5.140000000000000000e+02 2.257769999999999868e+02 4.514159379966019812e-04 -1.016674933862532840e-03 -1.717053982816858348e-03 2.620000000000000000e+02 2.620000000000000000e+02
5.150000000000000000e+02 2.353449999999999989e+02 4.829888712243672849e-04 -8.040052131962799635e-04 -1.744629674317244982e-03 2.630000000000000000e+02 2.630000000000000000e+02
5.160000000000000000e+02 2.329749999999999943e+02 4.737480127186143204e-04 -6.838989067850427279e-04 -1.706328190059712337e-03 2.630000000000000000e+02 2.630000000000000000e+02
5.170000000000000000e+02 2.395589999999999975e+02 2.604381955487629894e-04 -4.917770580454407323e-04 -1.534561287916067981e-03 2.640000000000000000e+02 2.640000000000000000e+02
5.180000000000000000e+02 2.391200000000000045e+02 1.816855458397427145e-04 -5.086615896358330936e-04 -1.400753819733540836e-03 2.640000000000000000e+02 2.640000000000000000e+02
5.190000000000000000e+02 2.468449999999999989e+02 1.524228272387831559e-04 -2.277301198258334630e-04 -1.159416250546787663e-03 2.650000000000000000e+02 2.650000000000000000e+02
5.200000000000000000e+02 2.447379999999999995e+02 1.791699788022824082e-04 -1.168500038905008443e-04 -1.021830338742037939e-03 2.650000000000000000e+02 2.650000000000000000e+02
5.210000000000000000e+02 2.504439999999999884e+02 6.406995230502567518e-05 2.879415655151487067e-04 -8.448263389438563989e-04 2.660000000000000000e+02 2.660000000000000000e+02
5.220000000000000000e+02 2.483369999999999891e+02 -3.239434287239471025e-05 3.393640094929253111e-04 -8.786579449722910912e-04 2.660000000000000000e+02 2.660000000000000000e+02
5.230000000000000000e+02 2.536040000000000134e+02 2.469362745096704832e-04 5.982702108622318937e-04 -7.642548535929786536e-04 2.670000000000000000e+02 2.670000000000000000e+02
5.240000000000000000e+02 2.533410000000000082e+02 1.786052596714739682e-04 6.892959267041991970e-04 -7.565254132809585801e-04 2.670000000000000000e+02 2.670000000000000000e+02
5.250000000000000000e+02 2.570280000000000200e+02 -1.839957604661072164e-04 1.162605528322382519e-03 -1.061387161846706617e-03 2.680000000000000000e+02 2.680000000000000000e+02
5.260000000000000000e+02 2.588709999999999809e+02 -1.786052596715573433e-04 1.216168689698223990e-03 -1.136912641370334352e-03 2.680000000000000000e+02 2.680000000000000000e+02
5.270000000000000000e+02 2.638750000000000000e+02 -3.750761791202981955e-04 1.592226404450726353e-03 -1.126132250948309616e-03 2.690000000000000000e+02 2.690000000000000000e+02
5.280000000000000000e+02 2.594859999999999900e+02 -3.532574854265378293e-04 1.601784255368913492e-03 -1.099643623402869665e-03 2.690000000000000000e+02 2.690000000000000000e+02
5.290000000000000000e+02 2.668600000000000136e+02 -4.661499735028758716e-04 1.901153030656753872e-03 -1.054735617971000981e-03 2.700000000000000000e+02 2.700000000000000000e+02
5.300000000000000000e+02 2.634359999999999786e+02 -5.226732246952987999e-04 1.987852085278546399e-03 -1.039547484722266272e-03 2.700000000000000000e+02 2.700000000000000000e+02
5.310000000000000000e+02 2.707219999999999800e+02 -7.824440249073188070e-04 2.352859477124225659e-03 -1.025648304554664138e-03 2.710000000000000000e+02 2.710000000000000000e+02
5.320000000000000000e+02 2.698439999999999941e+02 -7.988208797035557676e-04 2.385980294895742159e-03 -1.058949416853986660e-03 2.710000000000000000e+02 2.710000000000000000e+02
5.330000000000000000e+02 2.779209999999999923e+02 -1.084671436142030853e-03 2.864445708839230553e-03 -9.676197468476621308e-04 2.720000000000000000e+02 2.720000000000000000e+02
5.340000000000000000e+02 2.735310000000000059e+02 -1.048170045045284738e-03 2.750791705571233210e-03 -1.001417534919274346e-03 2.720000000000000000e+02 2.720000000000000000e+02
5.350000000000000000e+02 2.760769999999999982e+02 -1.293822866984958462e-03 3.444097708527846767e-03 -8.186031619854860011e-04 2.730000000000000000e+02 2.730000000000000000e+02
5.360000000000000000e+02 2.737950000000000159e+02 -1.374372350291709058e-03 3.421981987239382413e-03 -1.020195057189410759e-03 2.730000000000000000e+02 2.730000000000000000e+02
5.370000000000000000e+02 2.216510000000000105e+02 -6.297131690512768358e-04 3.416434212574006018e-03 -4.114235559088946087e-04 2.740000000000000000e+02 2.740000000000000000e+02
5.380000000000000000e+02 2.201589999999999918e+02 -6.000910837311522993e-04 3.397544642857163941e-03 -4.329698724459363039e-04 2.740000000000000000e+02 2.740000000000000000e+02
5.390000000000000000e+02 2.328000000000000114e+02 -9.966265898252229735e-04 2.874787484438275694e-03 -8.920901928714155670e-04 2.750000000000000000e+02 2.750000000000000000e+02
5.400000000000000000e+02 2.344670000000000130e+02 -1.032563261790924673e-03 2.906325377372988294e-03 -9.133857268506513465e-04 2.750000000000000000e+02 2.750000000000000000e+02
5.410000000000000000e+02 2.460550000000000068e+02 -1.205521330153413269e-03 3.293554018829545748e-03 -9.151094240249502392e-04 2.760000000000000000e+02 2.760000000000000000e+02
5.420000000000000000e+02 2.494790000000000134e+02 -1.109262387387232934e-03 3.047070008558969319e-03 -9.351249687188194215e-04 2.760000000000000000e+02 2.760000000000000000e+02
5.430000000000000000e+02 2.578179999999999836e+02 -1.335560744568451124e-03 3.622093837535082361e-03 -7.587659547676724788e-04 2.770000000000000000e+02 2.770000000000000000e+02
5.440000000000000000e+02 2.579060000000000059e+02 -1.316668322734168171e-03 3.591400171179627565e-03 -7.833202359397673994e-04 2.770000000000000000e+02 2.770000000000000000e+02
5.450000000000000000e+02 2.691419999999999959e+02 -1.304911897191185673e-03 3.698647097728021207e-03 -1.054295984534922787e-03 2.780000000000000000e+02 2.780000000000000000e+02
5.460000000000000000e+02 2.690539999999999736e+02 -1.600619369369025340e-03 3.645068860877839940e-03 -1.156893960662220980e-03 2.780000000000000000e+02 2.780000000000000000e+02
5.470000000000000000e+02 2.773059999999999832e+02 -1.203365129836162731e-03 3.651928201836135944e-03 -9.657422390878919651e-04 2.790000000000000000e+02 2.790000000000000000e+02
5.480000000000000000e+02 2.758140000000000214e+02 -1.119786698463466320e-03 3.976593623560543099e-03 -8.246268327151968884e-04 2.790000000000000000e+02 2.790000000000000000e+02
5.490000000000000000e+02 2.831000000000000227e+02 -1.283144541600686559e-03 4.535305788982302126e-03 -7.710734500255302364e-04 2.800000000000000000e+02 2.800000000000000000e+02
5.500000000000000000e+02 2.828369999999999891e+02 -1.298648648648697591e-03 4.756146416900189008e-03 -6.660556564967690888e-04 2.800000000000000000e+02 2.800000000000000000e+02
5.510000000000000000e+02 2.681770000000000209e+02 -1.454613804981218835e-03 5.140917755991356378e-03 -5.604340290920673592e-04 2.810000000000000000e+02 2.810000000000000000e+02
5.520000000000000000e+02 2.680889999999999986e+02 -1.530491520932734375e-03 4.872755213196333299e-03 -5.873592342343356750e-04 2.810000000000000000e+02 2.810000000000000000e+02
5.530000000000000000e+02 2.778330000000000268e+02 -1.710277556968641628e-03 4.849493755835501685e-03 -7.121075644971569356e-04 2.820000000000000000e+02 2.820000000000000000e+02
5.540000000000000000e+02 2.800269999999999868e+02 -1.602416202967868377e-03 4.924569619514410426e-03 -6.770308057531114910e-04 2.820000000000000000e+02 2.820000000000000000e+02
5.550000000000000000e+02 2.888059999999999832e+02 -1.791391759406555251e-03 5.185556236383559447e-03 -7.348837545527273519e-04 2.830000000000000000e+02 2.830000000000000000e+02
5.560000000000000000e+02 2.842409999999999854e+02 -1.606471913089611457e-03 5.224556489262476879e-03 -7.294443603267830502e-04 2.830000000000000000e+02 2.830000000000000000e+02
5.570000000000000000e+02 2.919660000000000082e+02 -1.557033320085051764e-03 5.341753229069477228e-03 -7.674897652380113008e-04 2.840000000000000000e+02 2.840000000000000000e+02
5.580000000000000000e+02 2.912640000000000100e+02 -2.087663950715502436e-03 5.504794487239311751e-03 -1.087381558291396298e-03 2.840000000000000000e+02 2.840000000000000000e+02
5.590000000000000000e+02 2.943360000000000127e+02 -2.111587506624179079e-03 5.857937480547759264e-03 -1.042458273662340631e-03 2.850000000000000000e+02 2.850000000000000000e+02
5.600000000000000000e+02 2.913519999999999754e+02 -1.760024178590147885e-03 5.998968545751673376e-03 -9.581252536674527039e-04 2.850000000000000000e+02 2.850000000000000000e+02
5.610000000000000000e+02 2.976720000000000255e+02 -2.379213036566059022e-03 6.490368716931332708e-03 -1.056681169089212970e-03 2.860000000000000000e+02 2.860000000000000000e+02
5.620000000000000000e+02 2.959159999999999968e+02 -2.379213036566117136e-03 6.558148050887015711e-03 -1.038572264491508749e-03 2.860000000000000000e+02 2.860000000000000000e+02
5.630000000000000000e+02 2.994279999999999973e+02 -2.666398383677752275e-03 7.426435087924159600e-03 -9.621689441543235244e-04 2.870000000000000000e+02 2.870000000000000000e+02
5.640000000000000000e+02 2.980230000000000246e+02 -2.604176603073714378e-03 7.471646436352214968e-03 -9.809982119724169024e-04 2.870000000000000000e+02 2.870000000000000000e+02
5.650000000000000000e+02 3.025880000000000223e+02 -2.892234697933108480e-03 7.991086990351703098e-03 -9.739206840769694135e-04 2.880000000000000000e+02 2.880000000000000000e+02
5.660000000000000000e+02 3.016220000000000141e+02 -2.856092673555815902e-03 8.077921724245387680e-03 -8.849244530769202061e-04 2.880000000000000000e+02 2.880000000000000000e+02
5.670000000000000000e+02 2.977599999999999909e+02 -3.052512254901765341e-03 8.539261399004283853e-03 -8.893578649552117462e-04 2.890000000000000000e+02 2.890000000000000000e+02
5.680000000000000000e+02 3.048700000000000045e+02 -3.002046899841172463e-03 8.607538223622798745e-03 -8.390744342032584006e-04 2.890000000000000000e+02 2.890000000000000000e+02
5.690000000000000000e+02 3.064499999999999886e+02 -3.151954160042275219e-03 8.996666374883437178e-03 -7.818532292796838857e-04 2.900000000000000000e+02 2.900000000000000000e+02
5.700000000000000000e+02 3.058360000000000127e+02 -3.037675543190216428e-03 9.118521436352422169e-03 -7.666078499720316557e-04 2.900000000000000000e+02 2.900000000000000000e+02
5.710000000000000000e+02 3.066259999999999764e+02 -3.054155074192046841e-03 9.744455143168443204e-03 -6.518282791721007139e-04 2.910000000000000000e+02 2.910000000000000000e+02
5.720000000000000000e+02 3.051340000000000146e+02 -3.100256690513766410e-03 9.717123307656314740e-03 -6.951718985268365552e-04 2.910000000000000000e+02 2.910000000000000000e+02
5.730000000000000000e+02 3.074159999999999968e+02 -3.331175476947312829e-03 9.901707419078987701e-03 -7.294775671152743061e-04 2.920000000000000000e+02 2.920000000000000000e+02
5.740000000000000000e+02 3.034660000000000082e+02 -3.452590090089911832e-03 1.007765328353569384e-02 -8.299321774506783055e-04 2.920000000000000000e+02 2.920000000000000000e+02
5.750000000000000000e+02 2.523750000000000000e+02 -3.019450516693502999e-03 9.551338313102973598e-03 -6.144023947792232043e-04 2.930000000000000000e+02 2.930000000000000000e+02
5.760000000000000000e+02 2.500049999999999955e+02 -3.060983041865055886e-03 9.607946720354993558e-03 -6.519829046482384337e-04 2.930000000000000000e+02 2.930000000000000000e+02
5.770000000000000000e+02 1.996169999999999902e+02 -3.040961181770023090e-03 9.256296199035103298e-03 -6.473510669282938560e-04 2.940000000000000000e+02 2.940000000000000000e+02
5.780000000000000000e+02 2.022510000000000048e+02 -2.894134207737427550e-03 9.355055633364455642e-03 -5.905091935422513653e-04 2.940000000000000000e+02 2.940000000000000000e+02
5.790000000000000000e+02 1.476490000000000009e+02 -3.054771131425654176e-03 8.412943997043200589e-03 -8.185455084812338477e-04 2.950000000000000000e+02 2.950000000000000000e+02
5.800000000000000000e+02 1.507210000000000036e+02 -3.012776563327889540e-03 8.477708236072075548e-03 -8.474321551066759436e-04 2.950000000000000000e+02 2.950000000000000000e+02
5.810000000000000000e+02 1.050739999999999981e+02 -2.512435413354264374e-03 8.377019140989729745e-03 -5.701204289897802459e-04 2.960000000000000000e+02 2.960000000000000000e+02
5.820000000000000000e+02 1.055130000000000052e+02 -2.505042726550327573e-03 8.374230178182184153e-03 -5.554475102728800850e-04 2.960000000000000000e+02 2.960000000000000000e+02
5.830000000000000000e+02 6.214719999999999800e+01 -2.346305312665311962e-03 7.419801879084873646e-03 -8.250055530847073392e-04 2.970000000000000000e+02 2.970000000000000000e+02
5.840000000000000000e+02 6.021589999999999776e+01 -2.349744965553797471e-03 7.250323393246227606e-03 -8.585421687444015973e-04 2.970000000000000000e+02 2.970000000000000000e+02
5.850000000000000000e+02 1.939630000000000010e+01 -2.700846250662609395e-03 7.494847591814443599e-03 -1.277017176052112207e-03 2.980000000000000000e+02 2.980000000000000000e+02
5.860000000000000000e+02 2.027410000000000068e+01 -2.581331147323335466e-03 7.473018304543989528e-03 -1.290208623802408753e-03 2.980000000000000000e+02 2.980000000000000000e+02
5.870000000000000000e+02 8.862180000000000391e+00 -2.478141560678674173e-03 7.382083041550108193e-03 -1.279492406008896337e-03 2.990000000000000000e+02 2.990000000000000000e+02
5.880000000000000000e+02 1.535820000000000007e+01 -2.534408121356708250e-03 7.361097980859222442e-03 -1.277423806421938745e-03 2.990000000000000000e+02 2.990000000000000000e+02
5.890000000000000000e+02 3.946260000000000101e+00 -2.418229994700446181e-03 7.052548241518835810e-03 -1.072793184465970547e-03 3.000000000000000000e+02 3.000000000000000000e+02
5.900000000000000000e+02 2.278369999999999784e+00 -2.418178656597999489e-03 6.756450844226502724e-03 -1.046615845099337170e-03 3.000000000000000000e+02 3.000000000000000000e+02
