1.000000	0.259230	-0.000147	-0.000017	0.000047	1.000000	1.000000
2.000000	0.484313	-0.000119	-0.000071	0.000030	1.000000	1.000000
3.000000	-0.646864	-0.000124	-0.000021	-0.000037	1.000000	1.000000
4.000000	-0.594536	-0.000100	-0.000026	0.000004	1.000000	1.000000
5.000000	12.973500	-0.000156	0.000111	-0.000051	2.000000	2.000000
6.000000	12.885400	-0.000195	0.000074	-0.000080	2.000000	2.000000
7.000000	26.990600	-0.000258	0.000384	-0.000072	3.000000	3.000000
8.000000	27.375200	-0.000255	0.000390	-0.000067	3.000000	3.000000
9.000000	40.982800	-0.000259	0.000416	0.000002	4.000000	4.000000
10.000000	40.840800	-0.000270	0.000423	-0.000036	4.000000	4.000000
11.000000	53.725500	-0.000330	0.000570	-0.000059	5.000000	5.000000
12.000000	53.684000	-0.000284	0.000530	-0.000045	5.000000	5.000000
13.000000	65.760800	-0.000262	0.000509	0.000038	6.000000	6.000000
14.000000	66.261500	-0.000292	0.000470	0.000061	6.000000	6.000000
15.000000	77.172100	-0.000331	0.000712	-0.000006	7.000000	7.000000
15.000000	77.172100	-0.000277	0.000713	0.000016	7.000000	7.000000
15.000000	77.172100	-0.000277	0.000713	0.000016	7.000000	7.000000
15.000000	77.172100	-0.000277	0.000713	0.000016	7.000000	7.000000
16.000000	80.478500	0.033305	0.002238	0.054397	8.000000	8.000000
17.000000	80.819500	-0.000228	0.000661	0.000123	8.000000	8.000000
18.000000	94.445500	-0.000307	0.000894	0.000044	9.000000	9.000000
19.000000	94.548500	-0.000235	0.000973	0.000004	9.000000	9.000000
20.000000	107.204000	-0.000401	0.001577	0.000154	10.000000	10.000000
21.000000	107.290000	-0.000349	0.001409	0.000047	10.000000	10.000000
22.000000	119.800000	-0.000407	0.001320	0.000074	11.000000	11.000000
23.000000	119.552000	-0.000388	0.001218	0.000043	11.000000	11.000000
24.000000	132.107000	-0.000443	0.001175	0.000071	12.000000	12.000000
25.000000	132.309000	-0.000410	0.001178	0.000169	12.000000	12.000000
26.000000	144.016000	-0.000468	0.001270	0.000214	13.000000	13.000000
27.000000	143.530000	-0.000524	0.001243	0.000180	13.000000	13.000000
28.000000	148.222000	-0.000653	0.001338	0.000198	14.000000	14.000000
29.000000	148.822000	-0.000490	0.001536	0.000238	14.000000	14.000000
30.000000	162.231000	-0.000305	0.001809	0.000081	15.000000	15.000000
31.000000	161.835000	-0.000794	0.001803	0.000002	15.000000	15.000000
32.000000	174.545000	-0.000392	0.001954	0.000352	16.000000	16.000000
33.000000	174.428000	0.000060	0.001899	0.000260	16.000000	16.000000
34.000000	186.315000	-0.000768	0.001850	0.000006	17.000000	17.000000
35.000000	185.767000	-0.000710	0.001845	-0.000019	17.000000	17.000000
36.000000	197.814000	-0.000747	0.001818	-0.000016	18.000000	18.000000
37.000000	197.676000	-0.000743	0.001949	-0.000029	18.000000	18.000000
38.000000	208.561000	-0.000757	0.001758	0.000039	19.000000	19.000000
39.000000	207.843000	-0.000777	0.001757	-0.000010	19.000000	19.000000
40.000000	195.715000	-0.000738	0.001612	0.000057	20.000000	20.000000
41.000000	195.418000	-0.000790	0.001614	0.000058	20.000000	20.000000
42.000000	188.313000	-0.000757	0.001611	-0.000024	21.000000	21.000000
43.000000	187.850000	-0.000704	0.001597	0.000005	21.000000	21.000000
44.000000	195.268000	-0.000650	0.002107	-0.000123	22.000000	22.000000
45.000000	194.687000	-0.000711	0.001946	-0.000083	22.000000	22.000000
46.000000	208.858000	-0.000743	0.001733	0.000031	23.000000	23.000000
47.000000	208.471000	-0.000778	0.001817	0.000029	23.000000	23.000000
48.000000	220.714000	-0.000870	0.002027	0.000105	24.000000	24.000000
49.000000	221.296000	-0.000818	0.002054	0.000106	24.000000	24.000000
49.000000	221.296000	-0.000818	0.002054	0.000106	24.000000	24.000000
49.000000	221.296000	-0.000818	0.002054	0.000106	24.000000	24.000000
50.000000	238.716000	-0.000855	0.002191	0.000019	26.000000	26.000000
51.000000	238.486000	-0.000821	0.001981	0.000029	26.000000	26.000000
52.000000	250.532000	-0.000869	0.002611	-0.000032	27.000000	27.000000
53.000000	251.011000	-0.000939	0.002813	-0.000079	27.000000	27.000000
54.000000	263.952000	-0.000902	0.003082	-0.000087	28.000000	28.000000
55.000000	263.245000	-0.000911	0.002995	-0.000123	28.000000	28.000000
56.000000	274.350000	-0.001087	0.002340	0.000054	29.000000	29.000000
57.000000	274.253000	-0.000983	0.002328	0.000064	29.000000	29.000000
58.000000	279.602000	-0.001029	0.002595	0.000015	30.000000	30.000000
59.000000	278.796000	-0.001011	0.002469	0.000085	30.000000	30.000000
60.000000	259.330000	-0.000992	0.002411	0.000027	31.000000	31.000000
61.000000	259.876000	-0.000954	0.002504	0.000040	31.000000	31.000000
62.000000	252.852000	-0.000971	0.002424	0.000068	32.000000	32.000000
63.000000	252.284000	-0.000978	0.002508	0.000053	32.000000	32.000000
64.000000	257.560000	-0.001043	0.002705	0.000057	33.000000	33.000000
65.000000	257.547000	-0.001042	0.002884	0.000024	33.000000	33.000000
66.000000	271.576000	-0.000967	0.002628	0.000094	34.000000	34.000000
67.000000	271.913000	-0.001036	0.002516	0.000050	34.000000	34.000000
68.000000	284.371000	-0.001091	0.002685	0.000101	35.000000	35.000000
69.000000	284.353000	-0.001039	0.002964	0.000028	35.000000	35.000000
70.000000	294.915000	-0.001273	0.004043	0.000069	36.000000	36.000000
71.000000	294.350000	-0.001247	0.004144	0.000143	36.000000	36.000000
72.000000	267.749000	-0.001248	0.003167	0.000073	37.000000	37.000000
73.000000	267.197000	-0.001272	0.003158	0.000032	37.000000	37.000000
74.000000	282.642000	-0.001508	0.003864	0.000075	38.000000	38.000000
75.000000	282.281000	-0.001559	0.003856	0.000267	38.000000	38.000000
76.000000	262.981000	-0.001553	0.003524	0.000231	39.000000	39.000000
77.000000	262.857000	-0.001680	0.003557	0.000257	39.000000	39.000000
78.000000	285.474000	-0.001713	0.004870	0.000076	40.000000	40.000000
79.000000	284.861000	-0.001826	0.004853	-0.000002	40.000000	40.000000
80.000000	285.377000	-0.001885	0.005060	0.000069	41.000000	41.000000
81.000000	285.726000	-0.001780	0.004885	0.000168	41.000000	41.000000
82.000000	288.835000	-0.001850	0.005345	0.000296	42.000000	42.000000
83.000000	287.095000	-0.001939	0.005417	0.000257	42.000000	42.000000
84.000000	287.064000	-0.002461	0.005839	0.000207	43.000000	43.000000
85.000000	285.588000	-0.002531	0.005956	0.000111	43.000000	43.000000
86.000000	255.018000	-0.002676	0.006156	-0.000045	44.000000	44.000000
87.000000	254.652000	-0.002923	0.006208	0.000106	44.000000	44.000000
88.000000	252.578000	-0.003280	0.006555	-0.000163	45.000000	45.000000
89.000000	252.418000	-0.003087	0.006668	-0.000003	45.000000	45.000000
90.000000	257.045000	-0.003137	0.006749	0.000028	46.000000	46.000000
91.000000	257.940000	-0.003082	0.006751	0.000123	46.000000	46.000000
92.000000	263.291000	-0.002993	0.006914	0.000238	47.000000	47.000000
93.000000	263.114000	-0.003298	0.006882	0.000109	47.000000	47.000000
94.000000	268.482000	-0.003290	0.006873	0.000079	48.000000	48.000000
95.000000	267.929000	-0.003147	0.006998	0.000214	48.000000	48.000000
96.000000	273.463000	-0.003148	0.007105	0.000025	49.000000	49.000000
97.000000	272.515000	-0.003348	0.007004	-0.000106	49.000000	49.000000
98.000000	276.045000	-0.003658	0.007319	-0.000267	50.000000	50.000000
99.000000	276.151000	-0.003751	0.007412	-0.000238	50.000000	50.000000
100.000000	279.095000	-0.003815	0.007865	-0.000022	51.000000	51.000000
101.000000	278.044000	-0.003537	0.007920	-0.000002	51.000000	51.000000
